year,hour,obs,D1,D7,D30,D365
1948,0,239,233,231,,
1948,1,228,234,231,,
1948,2,233,235,231,,
1948,3,228,235,231,,
1948,4,228,236,231,,
1948,5,222,236,231,,
1948,6,217,237,231,,
1948,7,217,237,231,,
1948,8,211,238,231,,
1948,9,211,238,231,,
1948,10,206,238,231,,
1948,11,217,239,231,,
1948,12,228,239,231,,
1948,13,244,239,231,,
1948,14,261,240,231,,
1948,15,272,241,231,,
1948,16,283,241,231,,
1948,17,267,241,230,,
1948,18,267,241,230,,
1948,19,267,241,230,,
1948,20,261,241,230,,
1948,21,250,240,229,,
1948,22,244,240,228,,
1948,23,239,239,228,,
1949,0,239,235,235,238,128
1949,1,239,236,235,238,128
1949,2,233,236,235,238,128
1949,3,233,237,235,238,128
1949,4,233,238,235,238,128
1949,5,228,239,235,238,128
1949,6,222,239,234,238,128
1949,7,222,240,234,239,128
1949,8,217,241,234,239,128
1949,9,222,242,234,239,128
1949,10,222,243,234,239,128
1949,11,228,243,233,239,128
1949,12,239,244,233,239,128
1949,13,250,244,233,239,128
1949,14,256,244,233,239,128
1949,15,256,244,232,239,128
1949,16,239,242,232,239,128
1949,17,239,241,231,239,128
1949,18,233,239,230,239,128
1949,19,239,238,230,239,128
1949,20,233,237,229,239,128
1949,21,233,236,228,239,128
1949,22,222,234,228,239,128
1949,23,228,234,227,239,128
1950,0,228,217,226,210,119
1950,1,222,219,226,210,119
1950,2,222,221,226,210,119
1950,3,222,222,226,210,119
1950,4,222,223,226,211,119
1950,5,222,225,226,211,119
1950,6,222,226,226,211,119
1950,7,222,227,226,211,119
1950,8,217,228,226,211,119
1950,9,217,228,226,211,119
1950,10,222,229,226,211,119
1950,11,228,229,226,211,119
1950,12,228,229,226,211,119
1950,13,233,229,226,211,119
1950,14,244,230,226,212,119
1950,15,244,230,226,212,119
1950,16,261,230,226,212,119
1950,17,267,231,226,212,119
1950,18,256,232,226,212,119
1950,19,261,233,226,212,119
1950,20,250,234,226,212,119
1950,21,244,234,226,212,119
1950,22,250,235,226,212,119
1950,23,244,235,227,212,119
1951,0,222,223,223,209,119
1951,1,217,223,223,209,119
1951,2,217,223,223,209,119
1951,3,211,224,223,209,119
1951,4,211,224,223,209,119
1951,5,206,224,223,209,119
1951,6,206,224,223,209,119
1951,7,200,224,223,209,119
1951,8,200,224,223,210,119
1951,9,200,224,223,210,119
1951,10,206,224,223,210,119
1951,11,206,224,223,210,119
1951,12,211,224,222,210,119
1951,13,222,223,222,210,119
1951,14,233,223,223,210,119
1951,15,233,222,222,210,119
1951,16,244,221,222,210,119
1951,17,244,221,222,210,119
1951,18,244,222,222,210,119
1951,19,244,222,222,210,119
1951,20,244,222,222,210,119
1951,21,233,222,222,210,119
1951,22,228,221,222,210,119
1951,23,222,221,222,211,119
1952,0,233,234,241,227,122
1952,1,228,234,241,227,122
1952,2,228,234,241,227,122
1952,3,222,234,241,227,122
1952,4,222,234,241,228,122
1952,5,217,234,241,228,122
1952,6,211,234,241,228,122
1952,7,211,235,241,228,122
1952,8,206,235,241,228,122
1952,9,206,236,241,228,122
1952,10,206,236,241,228,122
1952,11,222,236,241,228,122
1952,12,233,237,240,228,122
1952,13,256,238,240,228,122
1952,14,278,240,240,228,122
1952,15,283,241,241,228,122
1952,16,306,242,241,229,122
1952,17,306,244,241,229,122
1952,18,306,246,241,229,122
1952,19,306,247,241,229,122
1952,20,283,246,241,229,122
1952,21,278,247,241,229,122
1952,22,272,248,240,229,122
1952,23,261,249,240,229,122
1953,0,217,218,228,221,127
1953,1,217,218,228,221,127
1953,2,211,218,228,221,127
1953,3,206,219,228,221,127
1953,4,206,219,228,221,127
1953,5,200,220,228,221,127
1953,6,200,221,228,221,127
1953,7,206,222,229,221,127
1953,8,200,222,229,221,127
1953,9,189,222,229,221,127
1953,10,178,222,229,221,127
1953,11,189,223,229,221,127
1953,12,217,222,229,221,127
1953,13,222,222,229,221,127
1953,14,244,222,229,221,127
1953,15,250,222,229,221,127
1953,16,250,222,229,221,127
1953,17,239,221,229,222,127
1953,18,250,221,229,222,127
1953,19,244,221,229,222,127
1953,20,244,220,229,222,127
1953,21,228,220,229,222,127
1953,22,228,220,228,222,127
1953,23,222,219,228,222,127
1954,0,217,222,215,214,125
1954,1,211,222,215,214,125
1954,2,211,222,215,214,125
1954,3,200,221,215,214,125
1954,4,200,221,216,214,125
1954,5,200,221,216,214,125
1954,6,194,221,216,214,125
1954,7,189,221,216,214,125
1954,8,189,221,216,214,125
1954,9,183,221,216,214,125
1954,10,178,221,216,214,125
1954,11,206,222,216,214,125
1954,12,217,222,216,214,125
1954,13,228,221,216,214,125
1954,14,244,221,216,214,125
1954,15,250,221,216,214,125
1954,16,244,220,216,214,125
1954,17,244,220,216,214,125
1954,18,244,220,216,214,125
1954,19,250,220,217,214,125
1954,20,244,220,217,214,125
1954,21,233,219,217,214,125
1954,22,239,219,217,214,125
1954,23,222,218,217,214,125
1955,0,294,272,255,233,120
1955,1,272,274,255,233,120
1955,2,261,274,255,233,120
1955,3,250,275,255,233,120
1955,4,239,275,255,233,120
1955,5,228,274,255,234,120
1955,6,222,273,255,234,120
1955,7,217,272,255,234,120
1955,8,211,272,254,234,120
1955,9,206,270,254,234,120
1955,10,206,269,254,234,120
1955,11,211,268,254,234,120
1955,12,217,266,253,234,120
1955,13,228,265,253,234,120
1955,14,239,263,252,234,120
1955,15,250,261,252,234,120
1955,16,250,259,251,234,120
1955,17,261,257,251,234,120
1955,18,272,255,250,235,120
1955,19,278,253,250,235,120
1955,20,272,251,250,235,120
1955,21,244,248,250,235,120
1955,22,239,245,249,235,120
1955,23,233,242,249,235,120
1956,0,261,235,201,222,113
1956,1,244,235,202,222,113
1956,2,233,236,202,222,113
1956,3,222,236,202,222,113
1956,4,211,236,202,222,113
1956,5,211,237,202,222,113
1956,6,206,237,203,222,113
1956,7,194,237,203,222,113
1956,8,194,238,203,222,113
1956,9,194,239,203,222,113
1956,10,194,239,203,222,113
1956,11,211,240,203,222,113
1956,12,222,240,204,222,113
1956,13,239,241,204,222,113
1956,14,250,241,204,222,113
1956,15,267,242,205,222,113
1956,16,272,242,206,222,113
1956,17,283,242,207,222,113
1956,18,267,241,207,222,113
1956,19,261,240,208,222,113
1956,20,267,239,209,222,113
1956,21,250,238,209,222,113
1956,22,244,236,210,222,113
1956,23,256,236,211,222,113
1957,0,217,206,234,235,120
1957,1,217,206,234,235,120
1957,2,211,206,234,235,120
1957,3,217,207,234,235,120
1957,4,211,207,234,235,120
1957,5,222,209,234,235,120
1957,6,217,210,234,235,120
1957,7,206,211,234,235,120
1957,8,206,212,234,235,120
1957,9,200,213,234,235,120
1957,10,194,214,233,235,120
1957,11,206,215,233,235,120
1957,12,228,216,233,235,120
1957,13,239,218,233,236,120
1957,14,244,219,233,236,120
1957,15,256,220,233,236,120
1957,16,272,222,233,236,120
1957,17,244,222,233,235,120
1957,18,244,222,232,235,120
1957,19,256,224,232,235,120
1957,20,244,225,231,235,120
1957,21,244,226,231,235,120
1957,22,239,227,230,235,120
1957,23,228,228,230,235,120
1958,0,250,249,233,212,116
1958,1,250,250,233,212,116
1958,2,239,250,233,212,116
1958,3,233,250,233,212,116
1958,4,228,250,233,212,116
1958,5,228,251,233,212,116
1958,6,222,250,233,212,116
1958,7,222,250,233,212,116
1958,8,222,250,233,212,116
1958,9,217,250,233,212,116
1958,10,222,249,233,212,116
1958,11,222,249,233,212,116
1958,12,228,249,233,212,116
1958,13,228,249,233,212,116
1958,14,239,248,233,212,116
1958,15,239,247,233,212,116
1958,16,267,247,234,212,116
1958,17,283,247,234,212,116
1958,18,283,246,235,212,116
1958,19,289,246,235,212,116
1958,20,289,246,235,212,116
1958,21,250,245,236,212,116
1958,22,239,244,236,212,116
1958,23,233,243,236,212,116
1959,0,239,237,231,213,115
1959,1,239,238,231,213,115
1959,2,239,239,231,213,115
1959,3,228,240,231,213,115
1959,4,228,240,231,213,115
1959,5,222,241,231,213,115
1959,6,222,242,232,213,115
1959,7,222,242,232,214,115
1959,8,217,243,232,214,115
1959,9,217,243,232,214,115
1959,10,211,243,232,214,115
1959,11,217,243,232,214,115
1959,12,217,243,232,214,115
1959,13,217,242,232,214,115
1959,14,233,242,232,214,115
1959,15,239,241,232,214,115
1959,16,233,240,232,214,115
1959,17,239,238,232,214,115
1959,18,233,236,231,214,115
1959,19,239,234,231,214,115
1959,20,239,232,231,214,115
1959,21,233,230,231,215,115
1959,22,233,229,231,215,115
1959,23,228,228,231,215,115
1960,0,239,237,228,221,123
1960,1,233,237,228,221,123
1960,2,222,237,228,221,123
1960,3,222,237,228,221,123
1960,4,211,237,228,221,123
1960,5,206,236,228,221,123
1960,6,211,236,228,221,123
1960,7,211,236,228,221,123
1960,8,206,236,228,221,123
1960,9,200,236,228,221,123
1960,10,200,235,228,221,123
1960,11,206,235,228,221,123
1960,12,222,235,229,221,123
1960,13,228,235,229,221,123
1960,14,244,235,229,221,123
1960,15,267,236,229,221,123
1960,16,278,236,229,222,123
1960,17,294,237,230,222,123
1960,18,306,238,230,222,123
1960,19,294,239,230,222,123
1960,20,283,241,230,222,123
1960,21,272,241,230,222,123
1960,22,256,240,230,222,123
1960,23,244,240,230,222,123
1961,0,267,242,217,210,113
1961,1,256,243,217,210,113
1961,2,244,244,217,211,113
1961,3,239,245,218,211,113
1961,4,233,246,218,211,113
1961,5,228,247,218,211,113
1961,6,228,248,218,211,113
1961,7,222,249,219,211,113
1961,8,211,250,219,211,113
1961,9,211,251,219,211,113
1961,10,206,252,219,211,113
1961,11,217,253,219,211,113
1961,12,222,253,219,211,113
1961,13,239,253,219,211,113
1961,14,256,253,220,211,113
1961,15,278,253,220,211,113
1961,16,283,253,220,211,113
1961,17,300,253,220,212,113
1961,18,278,252,221,212,113
1961,19,278,251,221,212,113
1961,20,261,249,221,212,113
1961,21,272,249,221,212,113
1961,22,261,248,221,212,113
1961,23,250,248,222,212,113
1962,0,239,247,236,222,120
1962,1,228,246,236,222,120
1962,2,222,243,236,222,120
1962,3,217,242,236,222,120
1962,4,211,242,236,222,120
1962,5,211,242,236,222,120
1962,6,211,243,236,222,120
1962,7,211,243,236,222,120
1962,8,211,244,236,222,120
1962,9,211,244,236,222,120
1962,10,217,247,236,222,120
1962,11,217,247,236,222,120
1962,12,228,247,237,222,120
1962,13,233,245,237,222,120
1962,14,244,244,237,222,120
1962,15,267,244,237,222,120
1962,16,267,242,237,222,120
1962,17,244,240,238,222,120
1962,18,256,238,238,222,120
1962,19,239,235,238,222,120
1962,20,217,232,238,222,120
1962,21,239,231,238,222,120
1962,22,233,230,238,222,120
1962,23,233,229,238,223,120
1963,0,222,213,212,224,108
1963,1,211,215,212,224,108
1963,2,206,216,212,225,108
1963,3,206,217,212,225,108
1963,4,200,217,212,225,108
1963,5,189,217,211,225,108
1963,6,189,218,211,225,108
1963,7,189,218,211,225,108
1963,8,172,218,211,225,108
1963,9,178,218,211,225,108
1963,10,167,217,211,225,108
1963,11,183,217,211,225,108
1963,12,200,218,211,225,108
1963,13,228,218,211,225,108
1963,14,256,219,211,225,108
1963,15,272,220,211,225,108
1963,16,278,221,211,225,108
1963,17,278,222,211,225,108
1963,18,261,221,211,226,108
1963,19,256,221,211,226,108
1963,20,250,221,210,226,108
1963,21,250,221,210,226,108
1963,22,228,221,210,226,108
1963,23,228,221,209,226,108
1964,0,211,211,213,227,114
1964,1,211,211,213,227,114
1964,2,206,212,213,227,114
1964,3,206,212,213,227,114
1964,4,200,213,212,227,114
1964,5,200,213,212,227,114
1964,6,194,214,212,227,114
1964,7,189,214,213,227,114
1964,8,183,213,213,227,114
1964,9,183,213,213,227,114
1964,10,183,212,213,227,114
1964,11,189,212,213,227,114
1964,12,206,212,213,227,114
1964,13,217,213,213,227,114
1964,14,228,213,213,227,114
1964,15,233,213,213,227,114
1964,16,239,213,212,227,114
1964,17,250,213,212,227,114
1964,18,244,213,212,227,114
1964,19,244,214,212,227,114
1964,20,233,214,212,227,114
1964,21,233,214,212,227,114
1964,22,228,214,211,227,114
1964,23,217,214,211,227,114
1965,0,189,,,,
1965,1,189,,,,
1965,2,,,,,
1965,3,189,,,,
1965,4,185,,,,
1965,5,,,,,
1965,6,178,,,,
1965,7,176,,,,
1965,8,,,,,
1965,9,172,,,,
1965,10,176,,,,
1965,11,,,,,
1965,12,183,,,,
1965,13,205,,,,
1965,14,,,,,
1965,15,250,,,,
1965,16,257,,,,
1965,17,,,,,
1965,18,272,,,,
1965,19,261,,,,
1965,20,,,,,
1965,21,239,,,,
1965,22,230,,,,
1965,23,,,,,
1966,0,306,,,,
1966,1,291,,,,
1966,2,,,,,
1966,3,261,,,,
1966,4,261,,,,
1966,5,,,,,
1966,6,261,,,,
1966,7,250,,,,
1966,8,,,,,
1966,9,228,,,,
1966,10,239,,,,
1966,11,,,,,
1966,12,261,,,,
1966,13,280,,,,
1966,14,,,,,
1966,15,317,,,,
1966,16,322,,,,
1966,17,,,,,
1966,18,333,,,,
1966,19,318,,,,
1966,20,,,,,
1966,21,289,,,,
1966,22,283,,,,
1966,23,,,,,
1967,0,222,,,,
1967,1,220,,,,
1967,2,,,,,
1967,3,217,,,,
1967,4,217,,,,
1967,5,,,,,
1967,6,217,,,,
1967,7,217,,,,
1967,8,,,,,
1967,9,217,,,,
1967,10,224,,,,
1967,11,,,,,
1967,12,239,,,,
1967,13,254,,,,
1967,14,,,,,
1967,15,283,,,,
1967,16,289,,,,
1967,17,,,,,
1967,18,300,,,,
1967,19,300,,,,
1967,20,,,,,
1967,21,300,,,,
1967,22,296,,,,
1967,23,,,,,
1968,0,217,223,223,217,
1968,1,211,222,223,217,
1968,2,211,222,223,217,
1968,3,211,222,223,217,
1968,4,211,222,223,217,
1968,5,211,223,224,217,
1968,6,211,223,224,217,
1968,7,211,223,224,217,
1968,8,206,223,224,217,
1968,9,206,223,224,217,
1968,10,211,223,224,217,
1968,11,217,223,224,217,
1968,12,222,223,224,218,
1968,13,239,224,224,218,
1968,14,244,225,224,218,
1968,15,256,225,225,218,
1968,16,267,226,225,218,
1968,17,278,227,225,218,
1968,18,261,228,225,218,
1968,19,267,229,225,218,
1968,20,261,230,225,218,
1968,21,256,231,226,218,
1968,22,244,231,226,218,
1968,23,239,232,226,218,
1969,0,228,,,,119
1969,1,226,,,,119
1969,2,,,,,119
1969,3,222,,,,119
1969,4,222,,,,119
1969,5,,,,,119
1969,6,222,,,,119
1969,7,220,,,,119
1969,8,,,,,119
1969,9,217,,,,119
1969,10,217,,,,119
1969,11,,,,,119
1969,12,217,,,,119
1969,13,215,,,,119
1969,14,,,,,119
1969,15,211,,,,119
1969,16,217,,,,119
1969,17,,,,,119
1969,18,228,,,,119
1969,19,237,,,,119
1969,20,,,,,119
1969,21,256,,,,119
1969,22,245,,,,119
1969,23,,,,,119
1970,0,261,244,243,223,
1970,1,244,245,243,223,
1970,2,222,244,243,223,
1970,3,211,243,243,223,
1970,4,211,243,242,223,
1970,5,211,243,242,223,
1970,6,211,243,242,223,
1970,7,206,243,242,223,
1970,8,200,243,242,223,
1970,9,200,242,242,223,
1970,10,194,241,242,223,
1970,11,211,241,242,223,
1970,12,233,241,242,223,
1970,13,250,242,242,223,
1970,14,256,243,242,223,
1970,15,278,245,243,223,
1970,16,289,246,243,223,
1970,17,283,246,243,223,
1970,18,294,246,243,223,
1970,19,300,246,243,223,
1970,20,300,247,244,223,
1970,21,300,247,244,223,
1970,22,294,247,244,223,
1970,23,289,248,244,223,
1971,0,211,,,,
1971,1,209,,,,
1971,2,,,,,
1971,3,206,,,,
1971,4,204,,,,
1971,5,,,,,
1971,6,200,,,,
1971,7,194,,,,
1971,8,,,,,
1971,9,183,,,,
1971,10,192,,,,
1971,11,,,,,
1971,12,211,,,,
1971,13,228,,,,
1971,14,,,,,
1971,15,261,,,,
1971,16,267,,,,
1971,17,,,,,
1971,18,278,,,,
1971,19,272,,,,
1971,20,,,,,
1971,21,261,,,,
1971,22,250,,,,
1971,23,,,,,
1972,0,244,,,,
1972,1,250,,,,
1972,2,,,,,
1972,3,261,,,,
1972,4,254,,,,
1972,5,,,,,
1972,6,239,,,,
1972,7,237,,,,
1972,8,,,,,
1972,9,233,,,,
1972,10,239,,,,
1972,11,,,,,
1972,12,250,,,,
1972,13,259,,,,
1972,14,,,,,
1972,15,278,,,,
1972,16,280,,,,
1972,17,,,,,
1972,18,283,,,,
1972,19,278,,,,
1972,20,,,,,
1972,21,267,,,,
1972,22,258,,,,
1972,23,,,,,
1973,0,190,228,251,217,
1973,1,188,226,251,217,
1973,2,194,224,251,217,
1973,3,205,223,251,217,
1973,4,188,221,251,216,
1973,5,172,219,250,216,
1973,6,166,216,250,216,
1973,7,161,213,250,216,
1973,8,155,209,249,216,
1973,9,155,206,249,216,
1973,10,150,203,249,216,
1973,11,155,201,248,216,
1973,12,172,199,248,216,
1973,13,188,197,248,215,
1973,14,194,194,248,215,
1973,15,200,193,248,215,
1973,16,205,192,248,215,
1973,17,216,190,247,215,
1973,18,227,189,247,215,
1973,19,230,189,247,215,
1973,20,233,189,247,215,
1973,21,211,189,246,215,
1973,22,222,190,246,215,
1973,23,227,192,246,215,
1974,0,239,238,267,220,121
1974,1,222,235,267,220,121
1974,2,228,232,267,220,121
1974,3,222,230,267,220,121
1974,4,211,228,266,220,121
1974,5,217,226,266,220,121
1974,6,206,225,266,220,121
1974,7,200,224,266,220,121
1974,8,194,223,265,220,121
1974,9,189,223,265,220,121
1974,10,189,223,265,220,121
1974,11,200,223,265,220,121
1974,12,217,224,265,220,121
1974,13,228,225,265,220,121
1974,14,244,226,264,220,121
1974,15,261,228,264,220,121
1974,16,278,229,264,220,121
1974,17,283,231,264,220,121
1974,18,283,232,264,220,121
1974,19,283,233,264,221,121
1974,20,289,235,265,221,121
1974,21,289,236,265,221,121
1974,22,272,237,265,221,121
1974,23,261,238,265,221,121
1975,0,228,227,226,218,123
1975,1,222,227,226,218,123
1975,2,217,226,226,218,123
1975,3,217,226,226,218,123
1975,4,217,225,226,219,123
1975,5,217,225,226,219,123
1975,6,217,224,226,219,123
1975,7,211,224,226,219,123
1975,8,206,224,226,219,123
1975,9,200,224,226,219,123
1975,10,228,225,226,219,123
1975,11,256,227,226,219,123
1975,12,200,226,226,219,123
1975,13,200,226,226,219,123
1975,14,206,225,226,219,123
1975,15,211,224,225,219,123
1975,16,228,223,225,219,123
1975,17,228,222,225,220,123
1975,18,222,221,225,220,123
1975,19,217,220,224,220,123
1975,20,211,219,224,220,123
1975,21,211,218,224,220,122
1975,22,217,218,224,220,122
1975,23,217,217,224,220,122
1976,0,217,227,225,222,124
1976,1,217,226,225,222,124
1976,2,220,226,225,222,124
1976,3,222,226,225,222,124
1976,4,222,226,225,222,124
1976,5,222,227,226,221,124
1976,6,228,228,226,221,124
1976,7,244,230,226,221,124
1976,8,244,232,227,221,124
1976,9,244,234,227,221,124
1976,10,239,235,227,222,124
1976,11,233,236,228,222,124
1976,12,233,237,228,222,124
1976,13,250,238,228,222,124
1976,14,267,240,228,222,124
1976,15,275,242,228,222,124
1976,16,283,244,228,222,124
1976,17,283,245,228,222,124
1976,18,283,246,229,222,124
1976,19,289,247,229,222,124
1976,20,278,247,229,222,124
1976,21,272,247,229,222,124
1976,22,261,248,229,222,124
1976,23,239,249,229,222,124
1977,0,206,206,232,216,105
1977,1,206,206,232,216,105
1977,2,200,206,231,216,105
1977,3,206,207,231,216,105
1977,4,206,207,231,217,105
1977,5,206,208,230,217,105
1977,6,206,209,230,217,105
1977,7,206,210,230,217,105
1977,8,206,211,230,217,105
1977,9,206,213,230,217,105
1977,10,206,214,229,217,105
1977,11,206,215,229,217,105
1977,12,217,216,229,217,105
1977,13,228,216,229,217,105
1977,14,228,216,228,217,105
1977,15,228,216,228,217,105
1977,16,217,216,227,217,105
1977,17,217,215,227,217,105
1977,18,222,214,226,217,105
1977,19,228,214,226,217,105
1977,20,228,214,226,217,105
1977,21,222,214,225,217,105
1977,22,228,214,225,217,105
1977,23,222,215,224,217,105
1978,0,244,247,231,219,112
1978,1,239,245,231,219,112
1978,2,222,243,232,219,112
1978,3,211,240,232,219,112
1978,4,200,238,232,219,112
1978,5,194,235,232,219,112
1978,6,183,233,232,219,112
1978,7,178,231,233,219,112
1978,8,172,229,233,219,112
1978,9,172,227,233,219,112
1978,10,178,226,233,219,112
1978,11,189,226,233,219,112
1978,12,206,225,233,219,112
1978,13,222,225,233,219,112
1978,14,244,226,234,219,112
1978,15,256,226,234,219,112
1978,16,272,227,234,219,112
1978,17,278,228,234,220,112
1978,18,283,229,234,220,112
1978,19,272,229,234,220,112
1978,20,267,229,234,220,112
1978,21,261,228,234,220,112
1978,22,244,227,234,220,112
1978,23,233,226,234,220,112
1979,0,211,207,199,199,122
1979,1,206,207,199,199,122
1979,2,222,208,199,199,122
1979,3,222,209,200,199,122
1979,4,183,209,200,199,122
1979,5,194,209,200,199,122
1979,6,194,209,200,199,122
1979,7,194,209,201,199,122
1979,8,200,209,201,199,122
1979,9,200,209,201,199,122
1979,10,200,210,202,200,122
1979,11,200,210,202,200,122
1979,12,211,210,202,200,122
1979,13,228,211,203,200,122
1979,14,256,213,203,200,122
1979,15,272,216,204,200,122
1979,16,267,219,204,200,122
1979,17,283,222,205,200,122
1979,18,294,226,206,201,122
1979,19,306,229,206,201,122
1979,20,272,230,207,201,122
1979,21,267,231,207,201,122
1979,22,272,233,207,201,122
1979,23,278,235,208,201,122
1980,0,233,224,232,212,118
1980,1,233,225,232,212,118
1980,2,261,226,232,212,118
1980,3,278,229,232,212,118
1980,4,278,232,233,213,118
1980,5,250,234,233,213,118
1980,6,261,236,233,213,118
1980,7,239,237,233,213,118
1980,8,228,238,233,213,118
1980,9,222,239,234,214,118
1980,10,233,240,234,214,118
1980,11,233,241,234,214,118
1980,12,233,242,234,214,118
1980,13,233,243,234,214,118
1980,14,250,245,234,214,118
1980,15,267,246,234,214,118
1980,16,278,247,234,214,118
1980,17,278,249,234,215,118
1980,18,283,250,234,215,118
1980,19,289,251,234,215,118
1980,20,289,253,235,215,118
1980,21,283,255,235,215,118
1980,22,272,256,235,215,118
1980,23,267,257,235,215,118
1981,0,322,279,283,235,124
1981,1,311,282,284,235,124
1981,2,300,284,284,236,124
1981,3,300,286,285,236,124
1981,4,300,289,285,236,124
1981,5,294,291,286,236,124
1981,6,289,292,286,236,124
1981,7,278,294,287,236,124
1981,8,278,295,287,236,124
1981,9,306,298,288,236,124
1981,10,267,299,288,236,124
1981,11,256,299,288,237,124
1981,12,267,300,289,237,124
1981,13,278,300,289,237,124
1981,14,294,301,289,237,124
1981,15,306,301,289,237,124
1981,16,294,300,289,237,124
1981,17,300,298,290,237,124
1981,18,300,297,290,237,124
1981,19,300,295,290,237,124
1981,20,294,294,290,237,124
1981,21,294,293,290,237,124
1981,22,289,293,290,237,124
1981,23,272,291,290,237,124
1982,0,228,229,229,206,118
1982,1,228,229,229,206,117
1982,2,228,229,229,207,117
1982,3,228,230,229,207,117
1982,4,228,230,230,207,117
1982,5,228,230,230,207,117
1982,6,228,231,230,207,117
1982,7,228,231,230,207,117
1982,8,228,232,231,207,117
1982,9,222,232,231,207,117
1982,10,228,233,231,208,117
1982,11,233,234,232,208,117
1982,12,233,234,232,208,117
1982,13,233,234,232,208,117
1982,14,239,234,232,208,117
1982,15,250,235,232,208,117
1982,16,250,235,232,208,117
1982,17,278,237,233,209,117
1982,18,283,238,233,209,117
1982,19,267,239,233,209,117
1982,20,239,238,233,209,117
1982,21,250,239,233,209,117
1982,22,256,239,233,209,117
1982,23,267,241,234,210,117
1983,0,228,221,233,235,130
1983,1,228,222,233,235,130
1983,2,228,222,233,235,130
1983,3,217,222,233,235,130
1983,4,222,223,233,235,130
1983,5,217,224,232,235,130
1983,6,211,224,232,235,130
1983,7,228,226,232,235,130
1983,8,228,228,232,235,130
1983,9,222,229,232,235,130
1983,10,228,231,232,235,130
1983,11,228,233,232,235,130
1983,12,228,234,232,235,130
1983,13,239,236,232,235,130
1983,14,250,238,232,235,130
1983,15,261,239,232,235,130
1983,16,278,240,232,235,130
1983,17,294,242,232,235,130
1983,18,306,243,232,235,130
1983,19,306,245,232,235,130
1983,20,294,246,232,235,130
1983,21,283,246,233,235,130
1983,22,278,248,233,235,130
1983,23,261,248,233,235,130
1984,0,244,228,220,228,127
1984,1,239,229,220,228,127
1984,2,233,230,220,228,127
1984,3,233,231,220,228,127
1984,4,222,232,220,228,127
1984,5,233,233,220,228,127
1984,6,233,234,220,228,127
1984,7,233,235,220,228,127
1984,8,239,237,220,228,127
1984,9,239,238,220,228,127
1984,10,233,239,220,228,127
1984,11,239,241,220,228,127
1984,12,250,242,220,228,127
1984,13,256,243,220,228,127
1984,14,272,245,220,228,127
1984,15,283,246,220,228,127
1984,16,289,248,220,228,127
1984,17,300,249,221,228,127
1984,18,311,252,221,228,127
1984,19,317,253,221,228,127
1984,20,311,256,222,228,127
1984,21,317,259,222,228,127
1984,22,322,262,223,228,127
1984,23,311,265,223,229,127
1985,0,278,252,235,208,131
1985,1,239,253,235,208,131
1985,2,256,254,236,208,131
1985,3,244,255,236,208,131
1985,4,217,255,236,208,131
1985,5,211,255,236,208,131
1985,6,217,254,236,208,131
1985,7,200,253,236,208,131
1985,8,217,253,236,209,131
1985,9,211,252,236,209,131
1985,10,228,252,236,209,131
1985,11,222,252,236,209,131
1985,12,228,252,237,209,131
1985,13,244,252,237,209,131
1985,14,261,253,237,209,131
1985,15,261,252,237,209,131
1985,16,267,252,237,209,131
1985,17,256,250,237,209,131
1985,18,261,249,237,209,131
1985,19,278,248,237,209,131
1985,20,250,247,237,209,131
1985,21,244,244,237,209,131
1985,22,256,243,238,209,130
1985,23,239,241,238,209,130
1986,0,211,215,262,225,125
1986,1,211,213,262,225,125
1986,2,211,212,262,225,124
1986,3,211,210,262,225,124
1986,4,211,210,262,225,124
1986,5,211,209,262,225,124
1986,6,206,209,262,225,124
1986,7,206,209,262,225,124
1986,8,206,209,262,225,124
1986,9,206,210,262,225,124
1986,10,206,211,263,225,124
1986,11,206,212,263,225,124
1986,12,200,212,262,225,124
1986,13,194,211,262,225,124
1986,14,189,210,262,225,124
1986,15,189,208,262,225,124
1986,16,,208,261,225,124
1986,17,,,261,225,124
1986,18,,,261,226,124
1986,19,,,261,226,124
1986,20,189,,260,226,124
1986,21,194,,259,226,124
1986,22,194,,259,226,124
1986,23,197,,258,226,124
1987,0,244,282,240,227,121
1987,1,244,280,240,227,121
1987,2,244,278,239,227,121
1987,3,244,276,239,228,121
1987,4,239,274,239,228,121
1987,5,244,273,239,228,121
1987,6,244,272,239,228,121
1987,7,239,271,239,228,121
1987,8,239,270,239,228,121
1987,9,239,269,240,228,121
1987,10,239,268,240,228,121
1987,11,239,268,240,228,121
1987,12,244,267,240,228,121
1987,13,244,265,240,228,121
1987,14,261,263,240,228,121
1987,15,256,261,240,229,121
1987,16,261,259,240,229,121
1987,17,278,258,240,229,121
1987,18,283,257,240,229,121
1987,19,278,256,241,229,121
1987,20,261,254,241,229,121
1987,21,261,253,241,229,121
1987,22,256,252,241,229,121
1987,23,256,252,241,229,121
1988,0,256,260,233,222,117
1988,1,250,260,233,222,117
1988,2,244,261,233,222,117
1988,3,233,261,234,222,117
1988,4,289,264,234,223,117
1988,5,289,266,235,223,117
1988,6,272,267,235,223,117
1988,7,256,268,236,223,117
1988,8,256,269,236,223,117
1988,9,250,270,236,223,117
1988,10,242,270,237,223,117
1988,11,233,269,237,223,117
1988,12,230,268,237,223,117
1988,13,228,266,237,223,117
1988,14,228,264,237,223,117
1988,15,233,260,237,223,117
1988,16,239,257,237,223,117
1988,17,228,254,237,223,117
1988,18,222,251,237,223,117
1988,19,228,249,237,223,117
1988,20,228,247,237,223,117
1988,21,228,246,237,223,117
1988,22,225,244,236,223,117
1988,23,222,242,236,223,117
1989,0,289,282,249,225,121
1989,1,278,281,249,225,121
1989,2,272,281,249,225,121
1989,3,261,281,249,225,121
1989,4,256,280,250,225,121
1989,5,250,279,250,225,121
1989,6,228,277,250,225,121
1989,7,217,276,250,225,121
1989,8,217,274,250,225,121
1989,9,206,272,250,225,121
1989,10,200,270,250,225,121
1989,11,206,268,249,225,121
1989,12,211,266,249,225,121
1989,13,217,264,249,225,121
1989,14,228,262,249,225,121
1989,15,242,260,249,225,121
1989,16,256,259,250,225,121
1989,17,245,256,250,225,121
1989,18,233,253,250,225,121
1989,19,233,250,250,225,121
1989,20,233,246,250,225,121
1989,21,230,242,250,225,121
1989,22,,239,251,225,121
1989,23,,,251,225,121
1990,0,200,221,239,219,119
1990,1,194,216,239,219,119
1990,2,194,213,238,219,119
1990,3,189,210,238,219,119
1990,4,189,207,237,219,119
1990,5,183,204,237,219,119
1990,6,183,202,236,219,119
1990,7,189,200,236,219,119
1990,8,183,198,235,219,119
1990,9,178,196,235,219,119
1990,10,178,195,234,219,119
1990,11,183,193,234,219,119
1990,12,183,192,233,219,119
1990,13,178,190,232,219,119
1990,14,178,189,232,219,119
1990,15,178,187,231,219,119
1990,16,183,187,230,219,119
1990,17,183,187,229,219,119
1990,18,183,187,228,219,119
1990,19,178,186,227,219,119
1990,20,172,186,226,219,118
1990,21,172,185,225,219,118
1990,22,161,183,224,218,118
1990,23,161,181,224,218,118
1991,0,244,252,239,227,135
1991,1,239,252,239,227,135
1991,2,228,252,239,227,135
1991,3,233,251,240,227,135
1991,4,228,250,240,227,135
1991,5,211,249,240,227,135
1991,6,200,247,240,227,135
1991,7,194,246,240,227,135
1991,8,194,244,240,227,135
1991,9,183,243,240,227,135
1991,10,172,242,240,227,135
1991,11,206,241,240,227,135
1991,12,233,241,240,227,135
1991,13,250,241,240,227,135
1991,14,267,241,241,227,135
1991,15,261,240,241,227,135
1991,16,267,239,241,227,135
1991,17,261,237,242,227,135
1991,18,261,236,242,227,135
1991,19,256,236,242,227,135
1991,20,250,233,243,227,135
1991,21,250,233,243,227,135
1991,22,244,233,243,227,135
1991,23,239,232,243,227,135
1992,0,289,271,238,209,123
1992,1,278,272,238,209,123
1992,2,278,273,239,209,123
1992,3,272,274,239,209,123
1992,4,256,275,239,210,123
1992,5,256,276,240,210,123
1992,6,233,276,240,210,123
1992,7,228,275,240,210,123
1992,8,217,274,240,210,123
1992,9,217,273,241,210,123
1992,10,211,272,241,210,123
1992,11,222,271,241,210,123
1992,12,239,270,241,210,123
1992,13,250,269,242,210,123
1992,14,250,267,242,210,123
1992,15,256,266,242,210,123
1992,16,267,265,242,210,123
1992,17,256,263,243,210,123
1992,18,256,261,243,210,123
1992,19,239,258,243,210,123
1992,20,250,256,243,210,123
1992,21,244,253,243,211,123
1992,22,228,250,243,211,123
1992,23,233,247,243,211,123
1993,0,267,289,283,238,120
1993,1,261,285,283,238,120
1993,2,261,283,283,238,120
1993,3,256,280,283,238,120
1993,4,256,278,283,238,120
1993,5,261,276,282,238,120
1993,6,267,275,283,238,120
1993,7,261,275,283,238,120
1993,8,261,275,283,239,120
1993,9,250,275,283,239,120
1993,10,256,276,283,239,120
1993,11,267,276,283,239,120
1993,12,272,277,283,239,120
1993,13,283,277,284,239,120
1993,14,283,277,283,239,120
1993,15,283,277,283,239,120
1993,16,311,277,283,239,120
1993,17,344,279,284,240,120
1993,18,339,280,284,240,120
1993,19,339,281,284,240,120
1993,20,333,282,284,240,120
1993,21,339,284,285,240,120
1993,22,339,286,285,241,120
1993,23,333,288,286,241,120
1994,0,244,249,262,238,118
1994,1,228,246,262,238,118
1994,2,228,244,262,238,118
1994,3,228,243,262,238,118
1994,4,217,241,262,238,118
1994,5,211,240,262,238,118
1994,6,211,240,262,238,118
1994,7,211,239,262,238,118
1994,8,217,240,262,238,118
1994,9,217,240,262,238,118
1994,10,217,241,262,238,118
1994,11,233,243,262,238,118
1994,12,250,244,263,238,118
1994,13,261,245,263,238,118
1994,14,272,247,263,238,118
1994,15,278,248,263,238,118
1994,16,283,249,263,239,118
1994,17,289,249,263,239,118
1994,18,289,250,264,239,118
1994,19,283,250,264,239,118
1994,20,278,249,264,239,118
1994,21,272,249,264,239,118
1994,22,267,248,264,239,118
1994,23,256,248,264,239,118
1995,0,222,220,227,215,127
1995,1,217,219,227,215,127
1995,2,217,219,227,215,127
1995,3,217,219,227,215,127
1995,4,211,219,227,215,127
1995,5,217,219,227,215,127
1995,6,211,219,227,215,127
1995,7,211,219,228,215,127
1995,8,206,220,228,215,127
1995,9,206,220,227,215,127
1995,10,200,221,227,215,127
1995,11,211,222,227,215,127
1995,12,222,223,227,215,127
1995,13,233,224,227,215,127
1995,14,239,224,227,215,127
1995,15,244,225,227,215,127
1995,16,250,225,228,216,127
1995,17,250,225,228,216,127
1995,18,261,226,228,216,127
1995,19,256,227,228,216,127
1995,20,250,227,228,216,127
1995,21,244,227,228,216,127
1995,22,244,228,228,216,127
1995,23,239,228,228,216,127
1996,0,214,214,229,217,119
1996,1,208,214,229,217,119
1996,2,206,213,229,217,119
1996,3,206,212,229,217,119
1996,4,200,212,229,217,119
1996,5,192,212,229,217,119
1996,6,189,212,229,217,119
1996,7,180,212,229,217,119
1996,8,178,212,229,217,119
1996,9,184,213,229,217,119
1996,10,189,213,229,217,119
1996,11,189,213,229,217,119
1996,12,206,213,229,217,119
1996,13,217,213,229,217,119
1996,14,220,213,229,217,119
1996,15,206,211,228,217,119
1996,16,204,210,228,217,119
1996,17,222,209,228,217,119
1996,18,228,208,227,217,119
1996,19,234,208,227,217,119
1996,20,234,208,227,217,119
1996,21,228,207,227,217,119
1996,22,222,207,227,217,119
1996,23,212,207,226,217,119
1997,0,228,228,226,228,119
1997,1,220,228,226,228,119
1997,2,214,228,226,228,119
1997,3,214,229,225,228,119
1997,4,214,229,225,228,119
1997,5,211,230,225,228,119
1997,6,211,231,225,228,119
1997,7,214,232,225,228,119
1997,8,212,233,225,228,119
1997,9,203,234,225,228,119
1997,10,211,235,225,228,119
1997,11,230,236,226,228,119
1997,12,239,236,226,228,119
1997,13,262,237,226,228,119
1997,14,272,238,226,228,119
1997,15,280,238,227,228,119
1997,16,286,239,227,228,119
1997,17,292,240,227,228,119
1997,18,294,241,227,228,119
1997,19,302,242,228,228,119
1997,20,311,244,228,228,119
1997,21,311,246,229,228,119
1997,22,284,248,229,228,119
1997,23,250,249,229,228,119
1998,0,256,233,222,218,127
1998,1,247,234,222,218,127
1998,2,236,234,222,218,127
1998,3,225,234,222,218,127
1998,4,220,235,222,218,127
1998,5,212,235,222,218,127
1998,6,206,235,222,218,127
1998,7,200,236,222,218,127
1998,8,197,236,222,218,127
1998,9,194,237,222,218,127
1998,10,200,237,222,219,127
1998,11,212,238,222,219,127
1998,12,217,238,222,219,127
1998,13,238,239,222,219,127
1998,14,250,239,222,219,127
1998,15,264,240,222,219,127
1998,16,272,240,223,219,127
1998,17,266,240,223,219,127
1998,18,261,239,222,219,127
1998,19,253,238,222,219,127
1998,20,244,237,222,220,127
1998,21,239,235,222,220,127
1998,22,236,234,222,220,127
1998,23,228,232,221,220,127
1999,0,256,226,277,232,131
1999,1,206,225,277,232,131
1999,2,200,223,276,232,131
1999,3,194,222,276,232,131
1999,4,192,222,275,232,131
1999,5,184,221,275,232,131
1999,6,178,221,274,232,131
1999,7,180,221,273,232,130
1999,8,175,221,273,232,130
1999,9,172,221,272,232,130
1999,10,180,221,271,232,130
1999,11,200,222,271,233,130
1999,12,211,222,270,233,130
1999,13,238,223,270,233,130
1999,14,247,224,269,233,130
1999,15,253,225,269,233,130
1999,16,256,225,268,233,130
1999,17,250,225,267,233,130
1999,18,244,224,267,233,130
1999,19,236,222,266,233,130
1999,20,228,220,265,233,130
1999,21,222,218,264,233,130
1999,22,222,216,263,233,130
1999,23,220,214,262,233,130
2000,0,228,244,235,220,125
2000,1,216,241,235,220,125
2000,2,228,239,234,220,125
2000,3,236,238,234,220,125
2000,4,222,237,234,220,125
2000,5,218,236,234,220,125
2000,6,217,235,234,220,125
2000,7,203,235,234,220,125
2000,8,194,234,233,220,125
2000,9,186,233,233,220,125
2000,10,192,233,233,220,125
2000,11,205,233,233,220,125
2000,12,211,232,233,220,125
2000,13,234,232,233,220,125
2000,14,244,231,232,220,125
2000,15,253,231,232,220,125
2000,16,258,231,232,220,125
2000,17,266,230,232,220,125
2000,18,272,230,232,220,125
2000,19,264,230,231,221,125
2000,20,267,230,231,221,125
2000,21,267,231,231,221,125
2000,22,258,232,231,221,125
2000,23,240,233,231,221,125
2001,0,256,240,225,230,116
2001,1,239,239,225,230,116
2001,2,234,239,225,230,116
2001,3,225,238,226,230,116
2001,4,216,237,226,230,116
2001,5,210,236,226,230,116
2001,6,206,236,226,230,116
2001,7,200,236,226,230,116
2001,8,197,235,226,230,116
2001,9,192,235,226,230,116
2001,10,194,234,226,230,116
2001,11,205,234,226,230,116
2001,12,206,233,226,230,116
2001,13,220,233,226,230,116
2001,14,228,232,226,230,116
2001,15,233,232,225,230,116
2001,16,238,233,225,230,116
2001,17,236,232,225,230,116
2001,18,239,231,225,230,116
2001,19,256,230,225,230,116
2001,20,258,229,225,230,116
2001,21,256,228,225,230,116
2001,22,247,227,225,231,116
2001,23,242,226,225,231,116
2002,0,222,211,250,235,134
2002,1,200,209,249,234,134
2002,2,200,208,248,234,134
2002,3,197,207,247,234,134
2002,4,192,206,247,234,134
2002,5,184,206,246,234,134
2002,6,178,206,245,234,134
2002,7,167,205,244,234,134
2002,8,164,204,244,234,134
2002,9,164,204,243,234,134
2002,10,167,204,243,234,134
2002,11,192,205,242,234,134
2002,12,200,206,242,234,134
2002,13,225,207,242,234,134
2002,14,236,207,241,234,134
2002,15,242,208,241,234,134
2002,16,244,209,241,234,134
2002,17,242,209,240,233,134
2002,18,244,210,240,233,134
2002,19,250,210,240,233,134
2002,20,247,210,240,233,134
2002,21,242,211,239,233,134
2002,22,234,211,239,233,134
2002,23,224,211,239,233,134
2003,0,244,218,255,224,112
2003,1,250,220,255,224,112
2003,2,244,222,255,224,112
2003,3,242,224,255,224,112
2003,4,230,226,255,224,112
2003,5,226,227,255,224,112
2003,6,228,229,255,224,112
2003,7,214,230,254,224,112
2003,8,208,231,254,224,112
2003,9,203,231,254,224,112
2003,10,208,232,254,224,112
2003,11,218,233,254,224,112
2003,12,222,234,254,224,112
2003,13,242,235,253,224,112
2003,14,250,236,253,224,112
2003,15,263,238,253,224,112
2003,16,272,239,253,224,112
2003,17,279,240,252,224,112
2003,18,283,242,252,224,112
2003,19,283,243,252,224,112
2003,20,266,243,251,224,112
2003,21,261,243,251,224,112
2003,22,270,244,251,224,112
2003,23,274,245,250,225,112
2004,0,233,245,243,224,120
2004,1,225,245,243,224,120
2004,2,221,245,243,224,120
2004,3,222,245,243,225,120
2004,4,217,244,243,225,120
2004,5,214,244,243,225,120
2004,6,211,243,243,225,120
2004,7,214,243,243,225,120
2004,8,214,242,243,225,120
2004,9,211,242,243,225,120
2004,10,217,242,243,225,120
2004,11,218,241,243,225,120
2004,12,222,241,243,225,120
2004,13,225,240,243,225,120
2004,14,221,237,243,225,120
2004,15,217,235,243,225,120
2004,16,217,232,243,225,120
2004,17,218,229,242,225,120
2004,18,222,227,242,225,120
2004,19,217,225,242,225,120
2004,20,214,223,241,225,120
2004,21,211,220,241,225,120
2004,22,200,218,241,225,120
2004,23,192,216,240,225,120
2005,0,317,279,227,220,119
2005,1,312,280,228,220,119
2005,2,292,281,228,220,119
2005,3,278,281,229,220,119
2005,4,264,282,229,220,119
2005,5,264,282,229,221,119
2005,6,267,283,230,221,119
2005,7,258,285,230,221,119
2005,8,247,286,230,221,119
2005,9,244,288,231,221,119
2005,10,245,289,231,221,119
2005,11,264,290,231,221,120
2005,12,272,290,231,221,120
2005,13,280,291,232,221,120
2005,14,275,290,232,221,120
2005,15,267,289,232,221,120
2005,16,264,287,232,221,120
2005,17,258,284,232,221,120
2005,18,256,281,232,221,120
2005,19,253,278,232,221,120
2005,20,247,275,233,221,120
2005,21,244,271,233,221,120
2005,22,228,267,233,221,120
2005,23,216,263,233,221,120
2006,0,239,231,228,225,130
2006,1,230,232,228,225,130
2006,2,236,233,227,225,130
2006,3,239,234,227,225,130
2006,4,225,234,227,225,130
2006,5,221,235,227,225,130
2006,6,222,235,227,225,130
2006,7,227,236,227,225,130
2006,8,,237,227,225,130
2006,9,222,238,227,225,130
2006,10,220,239,227,226,130
2006,11,225,239,227,226,130
2006,12,228,239,227,226,130
2006,13,250,240,227,226,130
2006,14,265,241,227,226,130
2006,15,267,241,228,226,130
2006,16,256,241,228,226,130
2006,17,264,242,228,226,130
2006,18,267,242,228,226,130
2006,19,234,240,228,226,130
2006,20,234,239,228,226,130
2006,21,239,239,228,226,130
2006,22,226,238,228,226,130
2006,23,236,238,228,227,130
2007,0,233,237,246,221,127
2007,1,233,237,246,221,127
2007,2,233,237,246,221,127
2007,3,233,237,246,221,127
2007,4,240,238,247,221,127
2007,5,232,238,247,221,127
2007,6,222,238,247,221,127
2007,7,214,238,247,221,127
2007,8,211,237,247,221,127
2007,9,211,237,247,222,127
2007,10,203,236,247,222,127
2007,11,208,235,247,221,127
2007,12,211,234,247,221,127
2007,13,228,234,247,221,127
2007,14,233,234,247,221,127
2007,15,233,233,247,221,127
2007,16,253,233,247,221,127
2007,17,258,233,248,221,127
2007,18,261,233,248,221,127
2007,19,275,233,248,221,127
2007,20,278,234,248,221,127
2007,21,278,236,249,221,127
2007,22,272,237,249,222,127
2007,23,264,238,249,222,127
2008,0,239,249,242,232,127
2008,1,228,247,242,231,127
2008,2,225,245,242,231,127
2008,3,222,244,242,231,127
2008,4,217,243,242,231,127
2008,5,214,242,242,231,127
2008,6,211,242,242,231,127
2008,7,211,243,242,231,127
2008,8,211,243,242,231,127
2008,9,211,244,242,231,127
2008,10,216,244,242,231,127
2008,11,230,245,242,231,127
2008,12,239,245,242,231,127
2008,13,250,245,243,231,127
2008,14,258,244,243,231,127
2008,15,267,244,243,231,127
2008,16,280,243,243,231,127
2008,17,283,243,244,231,127
2008,18,283,243,244,231,127
2008,19,275,242,244,231,127
2008,20,270,242,244,231,127
2008,21,267,242,245,231,127
2008,22,252,242,245,231,127
2008,23,242,242,245,231,127
2009,0,217,205,211,207,120
2009,1,217,206,211,207,120
2009,2,217,208,211,207,120
2009,3,217,209,211,207,120
2009,4,198,210,211,207,120
2009,5,186,210,211,207,120
2009,6,189,211,210,207,120
2009,7,190,212,210,207,120
2009,8,186,213,210,207,120
2009,9,189,213,211,207,120
2009,10,190,214,211,207,120
2009,11,200,214,211,207,120
2009,12,206,214,211,207,120
2009,13,236,214,211,207,120
2009,14,258,215,211,207,120
2009,15,267,217,211,208,120
2009,16,284,219,211,208,120
2009,17,289,221,211,208,120
2009,18,289,223,212,208,120
2009,19,289,225,212,208,120
2009,20,286,228,212,208,120
2009,21,283,230,212,208,120
2009,22,275,232,213,208,120
2009,23,264,234,213,208,120
2010,0,261,263,279,251,131
2010,1,256,263,279,251,131
2010,2,250,263,278,251,131
2010,3,250,264,278,251,131
2010,4,244,264,278,251,131
2010,5,234,264,278,251,131
2010,6,228,264,278,251,131
2010,7,222,263,278,252,131
2010,8,222,263,278,252,131
2010,9,222,263,278,252,131
2010,10,228,263,277,252,131
2010,11,245,262,277,252,131
2010,12,256,262,277,252,131
2010,13,262,262,277,252,131
2010,14,278,261,276,252,131
2010,15,289,261,276,252,131
2010,16,314,262,276,253,131
2010,17,314,262,276,253,131
2010,18,311,263,276,253,131
2010,19,302,263,275,253,131
2010,20,288,263,275,253,131
2010,21,283,263,275,253,131
2010,22,266,262,275,253,131
2010,23,258,262,274,253,131
2011,0,272,261,260,232,126
2011,1,261,262,260,232,126
2011,2,258,263,260,232,126
2011,3,256,263,259,232,126
2011,4,253,264,259,232,126
2011,5,250,265,259,232,126
2011,6,250,266,260,232,126
2011,7,256,267,260,232,126
2011,8,253,268,260,233,126
2011,9,250,269,260,233,126
2011,10,253,270,260,233,126
2011,11,267,271,260,233,127
2011,12,278,272,260,233,127
2011,13,306,274,260,233,127
2011,14,316,275,261,234,127
2011,15,322,277,261,234,127
2011,16,330,278,261,234,127
2011,17,338,280,261,234,127
2011,18,344,282,261,234,127
2011,19,350,284,261,235,127
2011,20,353,286,262,235,127
2011,21,350,288,262,235,127
2011,22,344,291,262,235,127
2011,23,336,294,263,235,127
2012,0,239,246,267,242,142
2012,1,230,246,267,242,142
2012,2,228,245,267,242,142
2012,3,228,245,266,242,142
2012,4,222,245,266,242,142
2012,5,222,245,266,242,142
2012,6,222,245,265,242,142
2012,7,206,244,265,242,142
2012,8,206,243,265,242,142
2012,9,206,242,264,242,142
2012,10,216,242,264,242,142
2012,11,228,242,263,242,142
2012,12,233,241,263,243,142
2012,13,258,241,263,243,142
2012,14,264,241,262,243,142
2012,15,267,241,262,243,142
2012,16,275,242,262,243,142
2012,17,278,242,261,243,142
2012,18,278,242,261,243,142
2012,19,280,242,261,243,142
2012,20,275,243,260,243,142
2012,21,272,243,260,243,142
2012,22,258,243,260,243,142
2012,23,250,243,260,243,142
2013,0,256,256,265,233,126
2013,1,256,257,265,233,126
2013,2,250,257,265,233,126
2013,3,256,258,265,233,126
2013,4,247,258,265,233,126
2013,5,244,259,265,233,126
2013,6,244,259,266,233,126
2013,7,239,259,266,233,126
2013,8,236,259,266,233,126
2013,9,233,259,266,233,126
2013,10,233,259,266,233,126
2013,11,233,258,265,233,126
2013,12,233,257,265,233,126
2013,13,253,257,265,233,126
2013,14,258,257,265,233,126
2013,15,261,257,265,233,126
2013,16,250,256,265,233,126
2013,17,250,254,264,233,126
2013,18,250,253,264,233,126
2013,19,247,251,264,233,126
2013,20,236,248,264,233,126
2013,21,222,247,263,233,126
2013,22,221,245,263,233,126
2013,23,220,243,263,233,126
2014,0,228,245,244,232,120
2014,1,214,244,244,232,120
2014,2,210,243,244,232,120
2014,3,206,243,244,232,120
2014,4,195,241,244,232,120
2014,5,194,240,244,232,120
2014,6,194,239,244,232,120
2014,7,190,238,244,233,120
2014,8,192,237,244,233,120
2014,9,194,236,244,233,120
2014,10,202,235,244,233,120
2014,11,216,234,244,233,120
2014,12,222,233,244,233,120
2014,13,238,232,244,233,120
2014,14,255,232,244,233,120
2014,15,267,231,245,233,120
2014,16,267,230,245,233,120
2014,17,267,230,245,233,120
2014,18,267,229,245,233,120
2014,19,267,229,245,233,120
2014,20,262,229,244,233,120
2014,21,256,229,244,233,120
2014,22,244,229,244,233,120
2014,23,234,228,244,233,120
2015,0,250,255,249,237,121
2015,1,236,254,249,237,121
2015,2,236,254,249,237,121
2015,3,239,254,249,237,121
2015,4,236,254,249,237,121
2015,5,233,254,249,237,121
2015,6,233,254,249,237,121
2015,7,225,254,250,237,121
2015,8,225,254,250,237,121
2015,9,228,255,250,237,121
2015,10,236,255,250,237,121
2015,11,252,256,250,237,121
2015,12,261,257,250,237,121
2015,13,284,258,250,237,121
2015,14,289,259,251,237,121
2015,15,289,259,251,237,121
2015,16,294,259,251,237,121
2015,17,297,259,251,237,121
2015,18,300,260,251,237,122
2015,19,288,260,252,237,122
2015,20,278,259,252,238,122
2015,21,272,259,252,238,122
2015,22,264,258,252,238,122
2015,23,258,258,252,238,122
2016,0,222,229,245,235,142
2016,1,216,228,245,235,142
2016,2,208,227,245,235,142
2016,3,206,226,245,234,142
2016,4,206,226,245,234,142
2016,5,203,225,245,234,142
2016,6,200,225,245,234,142
2016,7,200,225,244,234,142
2016,8,200,225,244,234,142
2016,9,200,225,244,234,142
2016,10,200,225,244,234,142
2016,11,216,225,244,234,142
2016,12,222,225,244,234,142
2016,13,236,226,244,234,142
2016,14,242,226,244,234,142
2016,15,244,227,243,234,142
2016,16,258,227,243,233,142
2016,17,258,227,243,233,142
2016,18,256,227,243,233,142
2016,19,258,227,243,233,142
2016,20,253,227,242,233,142
2016,21,250,226,242,233,142
2016,22,242,226,242,233,142
2016,23,236,226,241,233,142
2017,0,256,259,242,236,138
2017,1,253,260,243,236,138
2017,2,247,260,243,236,138
2017,3,244,260,243,236,138
2017,4,247,261,243,236,138
2017,5,244,261,243,236,138
2017,6,244,262,243,236,138
2017,7,244,262,243,236,138
2017,8,244,263,243,236,138
2017,9,244,263,244,236,138
2017,10,247,263,244,236,138
2017,11,258,264,244,236,138
2017,12,267,264,244,236,138
2017,13,275,265,244,236,138
2017,14,294,265,244,236,138
2017,15,300,266,244,236,138
2017,16,312,267,245,236,138
2017,17,320,268,245,236,138
2017,18,322,268,245,236,138
2017,19,316,269,245,236,138
2017,20,311,271,246,236,138
2017,21,311,272,246,236,138
2017,22,312,274,246,236,138
2017,23,303,276,247,236,138
2018,0,228,256,238,231,125
2018,1,228,256,238,231,125
2018,2,225,255,238,231,125
2018,3,222,255,238,231,125
2018,4,220,255,237,231,125
2018,5,214,254,237,232,125
2018,6,211,252,237,232,125
2018,7,214,250,237,232,125
2018,8,217,249,237,232,125
2018,9,217,247,237,232,125
2018,10,216,246,236,232,125
2018,11,214,245,236,232,125
2018,12,217,243,236,232,125
2018,13,245,242,236,232,125
2018,14,264,242,236,233,125
2018,15,272,241,236,233,125
2018,16,262,240,236,233,125
2018,17,253,238,235,233,125
2018,18,250,236,235,233,125
2018,19,266,235,235,233,125
2018,20,266,235,235,233,125
2018,21,261,236,235,233,125
2018,22,244,236,235,233,125
2018,23,234,236,234,233,125
2019,0,239,248,248,231,127
2019,1,239,248,248,231,127
2019,2,240,247,248,231,127
2019,3,239,247,248,231,127
2019,4,225,246,248,231,127
2019,5,228,246,248,232,127
2019,6,228,245,248,232,127
2019,7,228,245,248,232,127
2019,8,229,245,248,232,127
2019,9,228,245,248,232,127
2019,10,230,245,248,232,127
2019,11,234,245,248,232,127
2019,12,239,245,248,232,127
2019,13,264,245,248,232,127
2019,14,280,246,249,232,127
2019,15,289,246,249,232,127
2019,16,294,247,249,233,127
2019,17,300,248,249,233,127
2019,18,306,249,249,233,127
2019,19,314,252,250,233,127
2019,20,320,255,250,233,127
2019,21,322,258,250,233,127
2019,22,300,261,250,233,127
2019,23,288,263,251,234,127
2020,0,244,244,251,231,130
2020,1,248,244,251,231,130
2020,2,253,245,251,231,130
2020,3,250,246,251,231,130
2020,4,253,247,251,231,130
2020,5,250,247,251,231,130
2020,6,244,248,252,232,130
2020,7,239,248,252,232,130
2020,8,236,248,252,232,130
2020,9,233,248,252,232,130
2020,10,236,248,252,232,130
2020,11,244,248,252,232,130
2020,12,250,249,252,232,130
2020,13,266,250,252,232,130
2020,14,278,250,252,232,130
2020,15,283,251,252,232,130
2020,16,297,252,252,232,130
2020,17,306,254,252,232,130
2020,18,311,257,252,232,130
2020,19,317,260,252,232,130
2020,20,317,263,253,232,130
2020,21,317,265,253,232,130
2020,22,289,267,253,232,130
2020,23,272,268,253,233,130
2021,0,239,229,242,223,131
2021,1,232,229,242,223,131
2021,2,233,230,242,223,131
2021,3,233,230,242,223,131
2021,4,233,231,242,223,131
2021,5,236,231,243,223,131
2021,6,239,232,243,224,131
2021,7,233,233,243,224,131
2021,8,230,234,243,224,131
2021,9,228,235,244,224,131
2021,10,230,235,244,224,131
2021,11,236,236,244,224,131
2021,12,244,237,244,224,131
2021,13,253,238,244,224,131
2021,14,258,239,244,224,131
2021,15,267,241,244,224,131
2021,16,280,243,244,224,131
2021,17,289,245,245,224,131
2021,18,289,247,245,225,131
2021,19,283,248,245,225,131
2021,20,266,249,245,225,131
2021,21,261,249,245,225,131
2021,22,256,250,245,225,131
2021,23,253,250,245,225,131
2022,0,228,228,239,226,132
2022,1,222,228,239,227,132
2022,2,222,229,239,227,132
2022,3,222,229,239,227,132
2022,4,214,230,239,227,132
2022,5,208,230,239,227,132
2022,6,206,231,239,227,132
2022,7,206,232,239,227,132
2022,8,206,232,239,227,132
2022,9,206,233,239,227,132
2022,10,214,234,239,227,132
2022,11,220,234,239,227,132
2022,12,228,234,239,227,132
2022,13,244,234,239,227,132
2022,14,258,234,239,227,132
2022,15,267,235,239,227,132
2022,16,278,235,239,227,132
2022,17,280,236,239,227,132
2022,18,280,236,239,228,132
2022,19,278,237,239,228,132
2022,20,275,237,239,228,132
2022,21,272,238,239,228,132
2022,22,256,239,239,228,132
2022,23,250,239,239,228,132
2023,0,261,259,253,223,136
2023,1,258,259,254,223,136
2023,2,258,259,254,223,136
2023,3,256,259,254,223,136
2023,4,244,259,254,223,136
2023,5,238,259,254,223,136
2023,6,233,259,254,223,136
2023,7,233,260,254,223,136
2023,8,230,260,254,223,136
2023,9,228,261,254,223,136
2023,10,230,261,254,224,136
2023,11,250,262,254,224,136
2023,12,261,262,254,224,136
2023,13,286,263,254,224,136
2023,14,300,264,254,224,136
2023,15,306,265,255,224,136
2023,16,314,266,255,224,136
2023,17,320,267,255,224,136
2023,18,316,268,255,224,136
2023,19,314,269,255,225,136
2023,20,306,270,255,225,136
2023,21,294,270,255,225,136
2023,22,278,270,255,225,136
2023,23,266,270,255,225,136
2024,0,244,259,253,237,135
2024,1,256,259,253,237,135
2024,2,275,261,253,237,135
2024,3,272,262,253,237,135
2024,4,253,263,254,237,135
2024,5,256,263,254,237,135
2024,6,256,264,254,238,135
2024,7,239,265,254,238,135
2024,8,239,265,254,238,135
2024,9,239,265,254,238,135
2024,10,233,265,255,238,135
2024,11,230,265,255,238,135
2024,12,222,264,255,238,135
2024,13,236,262,254,238,135
2024,14,244,260,254,238,135
2024,15,250,258,254,238,135
2024,16,252,256,254,238,135
2024,17,256,254,254,238,135
2024,18,256,252,254,238,135
2024,19,262,251,254,238,135
2024,20,266,250,254,238,135
2024,21,264,250,254,238,135
2024,22,252,250,254,238,135
2024,23,242,250,254,238,135
2025,0,250,246,258,245,138
2025,1,244,247,258,245,138
2025,2,244,247,258,245,138
2025,3,244,248,258,245,138
2025,4,247,248,258,245,138
2025,5,247,249,258,245,138
2025,6,244,250,258,245,138
2025,7,236,250,259,245,138
2025,8,230,250,259,245,138
2025,9,228,250,259,245,138
2025,10,230,250,259,245,138
2025,11,242,250,259,245,138
2025,12,250,250,259,245,138
2025,13,267,251,259,245,138
2025,14,270,252,259,245,138
2025,15,272,252,259,245,138
2025,16,271,252,259,245,138
2025,17,266,252,259,245,138
2025,18,261,251,259,245,138
2025,19,261,251,259,245,138
2025,20,258,251,259,245,138
2025,21,256,251,259,245,138
2025,22,250,251,258,245,138
2025,23,247,251,258,245,138
2026,0,230,250,233,240,122
2026,1,220,249,232,240,122
2026,2,217,246,232,240,122
2026,3,217,244,232,240,122
2026,4,212,242,232,240,122
2026,5,206,241,231,240,122
2026,6,206,239,231,240,122
2026,7,206,238,231,240,122
2026,8,206,236,231,240,122
2026,9,206,235,231,240,122
2026,10,208,234,230,240,122
2026,11,222,233,230,240,122
2026,12,238,233,230,240,122
2026,13,252,232,230,240,122
2026,14,266,233,230,240,122
2026,15,275,233,230,240,122
2026,16,278,235,230,240,122
2026,17,275,236,230,239,122
2026,18,272,237,230,239,122
2026,19,272,238,230,239,122
2026,20,266,238,230,239,122
2026,21,258,238,230,239,122
2026,22,250,238,230,239,122
2026,23,238,237,230,239,122
