year,hour,obs,D1,D7,D30,D365
1945,0,,,,,
1945,1,,,,,
1945,2,,,,,
1945,3,,,,,
1945,4,,,,,
1945,5,,,,,
1945,6,,,,,
1945,7,,,,,
1945,8,,,,,
1945,9,,,,,
1945,10,,,,,
1945,11,,,,,
1945,12,,,,,
1945,13,,,,,
1945,14,,,,,
1945,15,,,,,
1945,16,,,,,
1945,17,,,,,
1945,18,,,,,
1945,19,,,,,
1945,20,,,,,
1945,21,,,,,
1945,22,,,,,
1945,23,,,,,
1946,0,,,,,
1946,1,,,,,
1946,2,,,,,
1946,3,,,,,
1946,4,,,,,
1946,5,,,,,
1946,6,,,,,
1946,7,,,,,
1946,8,,,,,
1946,9,,,,,
1946,10,,,,,
1946,11,,,,,
1946,12,,,,,
1946,13,,,,,
1946,14,,,,,
1946,15,,,,,
1946,16,,,,,
1946,17,,,,,
1946,18,,,,,
1946,19,,,,,
1946,20,,,,,
1946,21,,,,,
1946,22,,,,,
1946,23,,,,,
1947,0,,,,,
1947,1,,,,,
1947,2,,,,,
1947,3,,,,,
1947,4,,,,,
1947,5,,,,,
1947,6,,,,,
1947,7,,,,,
1947,8,,,,,
1947,9,,,,,
1947,10,,,,,
1947,11,,,,,
1947,12,,,,,
1947,13,,,,,
1947,14,,,,,
1947,15,,,,,
1947,16,,,,,
1947,17,,,,,
1947,18,,,,,
1947,19,,,,,
1947,20,,,,,
1947,21,,,,,
1947,22,,,,,
1947,23,,,,,
1948,0,,,,,
1948,1,,,,,
1948,2,,,,,
1948,3,,,,,
1948,4,,,,,
1948,5,,,,,
1948,6,,,,,
1948,7,,,,,
1948,8,,,,,
1948,9,,,,,
1948,10,,,,,
1948,11,,,,,
1948,12,,,,,
1948,13,,,,,
1948,14,,,,,
1948,15,,,,,
1948,16,,,,,
1948,17,,,,,
1948,18,,,,,
1948,19,,,,,
1948,20,,,,,
1948,21,,,,,
1948,22,,,,,
1948,23,,,,,
1949,0,180,159,209,235,
1949,1,163,159,209,235,
1949,2,152,159,208,235,
1949,3,146,159,207,234,
1949,4,141,160,207,234,
1949,5,130,160,206,234,
1949,6,119,161,206,234,
1949,7,107,162,205,234,
1949,8,96,162,205,234,
1949,9,96,162,204,234,
1949,10,91,162,204,233,
1949,11,102,162,203,233,
1949,12,124,162,203,233,
1949,13,157,162,202,233,
1949,14,191,163,202,233,
1949,15,207,163,201,233,
1949,16,224,164,201,233,
1949,17,241,166,201,233,
1949,18,246,167,200,232,
1949,19,246,168,200,232,
1949,20,263,169,200,232,
1949,21,274,172,200,232,
1949,22,263,174,200,233,
1949,23,252,175,200,233,
1950,0,163,180,210,208,108
1950,1,141,178,210,208,108
1950,2,135,176,210,208,108
1950,3,124,174,210,208,108
1950,4,113,171,209,208,108
1950,5,107,168,209,208,108
1950,6,91,165,209,207,108
1950,7,85,162,209,207,108
1950,8,80,158,208,207,108
1950,9,74,155,208,207,108
1950,10,63,151,208,207,108
1950,11,63,147,207,207,108
1950,12,91,145,207,207,108
1950,13,135,143,207,207,108
1950,14,157,142,207,207,108
1950,15,174,141,206,207,108
1950,16,174,140,206,207,108
1950,17,185,140,206,206,108
1950,18,202,140,205,206,108
1950,19,218,141,205,206,108
1950,20,213,141,205,206,108
1950,21,224,141,205,206,108
1950,22,218,142,204,206,108
1950,23,202,143,204,206,108
1951,0,252,218,223,223,104
1951,1,235,219,223,223,104
1951,2,218,220,223,223,104
1951,3,207,220,223,223,104
1951,4,196,220,223,223,104
1951,5,196,221,223,223,104
1951,6,196,221,223,223,104
1951,7,196,222,223,223,104
1951,8,196,223,223,223,104
1951,9,196,224,223,223,104
1951,10,207,227,224,223,104
1951,11,213,229,224,223,104
1951,12,218,231,224,223,104
1951,13,230,232,224,223,104
1951,14,257,233,224,223,104
1951,15,263,235,224,223,104
1951,16,263,235,224,223,104
1951,17,285,236,224,223,104
1951,18,280,236,223,223,104
1951,19,285,237,223,223,104
1951,20,291,237,223,223,104
1951,21,291,238,223,223,104
1951,22,285,238,223,223,104
1951,23,268,238,222,223,104
1952,0,241,217,220,231,110
1952,1,257,219,221,230,110
1952,2,213,220,221,230,110
1952,3,207,220,221,230,110
1952,4,196,220,221,230,110
1952,5,191,221,221,230,110
1952,6,185,221,221,230,110
1952,7,174,221,221,230,110
1952,8,180,222,221,230,110
1952,9,185,223,221,230,110
1952,10,185,224,221,230,110
1952,11,185,225,222,230,110
1952,12,180,226,222,230,110
1952,13,191,226,222,230,110
1952,14,196,224,221,229,110
1952,15,207,222,221,229,110
1952,16,213,221,221,229,110
1952,17,207,218,221,229,110
1952,18,202,215,221,229,110
1952,19,218,213,220,229,110
1952,20,218,211,220,229,110
1952,21,235,208,220,228,110
1952,22,224,206,220,228,110
1952,23,218,204,219,228,110
1953,0,217,178,196,218,112
1953,1,183,179,196,218,112
1953,2,189,180,195,218,112
1953,3,183,181,195,218,112
1953,4,172,182,195,218,112
1953,5,172,183,194,218,112
1953,6,161,184,194,218,112
1953,7,144,185,194,217,112
1953,8,144,186,193,217,112
1953,9,139,187,193,217,112
1953,10,128,188,192,217,112
1953,11,128,188,192,217,112
1953,12,161,189,192,217,112
1953,13,189,191,192,217,112
1953,14,217,192,192,217,112
1953,15,233,193,191,217,112
1953,16,239,194,191,217,112
1953,17,256,195,191,217,112
1953,18,256,196,191,217,112
1953,19,272,198,191,217,112
1953,20,267,199,191,217,112
1953,21,261,200,190,217,112
1953,22,261,200,190,217,112
1953,23,244,201,190,217,112
1954,0,206,212,210,214,112
1954,1,200,211,210,214,112
1954,2,194,210,210,214,112
1954,3,189,208,210,214,112
1954,4,194,208,210,214,112
1954,5,189,207,210,214,112
1954,6,183,206,210,214,112
1954,7,183,205,211,214,112
1954,8,178,204,211,214,112
1954,9,178,203,211,214,112
1954,10,178,202,211,214,112
1954,11,178,201,211,214,112
1954,12,183,200,212,214,112
1954,13,194,199,212,214,112
1954,14,222,199,212,214,112
1954,15,233,200,212,214,112
1954,16,239,201,212,214,112
1954,17,239,202,212,214,112
1954,18,244,203,212,214,112
1954,19,250,205,212,214,112
1954,20,256,207,213,214,112
1954,21,256,208,213,214,112
1954,22,256,210,214,214,112
1954,23,239,211,214,214,112
1955,0,283,259,242,243,113
1955,1,272,260,243,243,113
1955,2,261,260,243,243,113
1955,3,261,262,244,243,113
1955,4,250,263,244,243,113
1955,5,250,264,245,244,113
1955,6,244,266,245,244,113
1955,7,233,267,245,244,113
1955,8,233,268,246,244,113
1955,9,228,270,246,244,113
1955,10,228,271,246,244,113
1955,11,228,273,247,244,113
1955,12,239,274,247,244,113
1955,13,261,275,247,244,113
1955,14,278,275,248,244,113
1955,15,261,274,248,244,113
1955,16,206,270,248,244,113
1955,17,200,265,248,244,113
1955,18,206,260,247,243,113
1955,19,211,255,247,243,113
1955,20,211,250,247,243,113
1955,21,211,245,246,243,113
1955,22,222,241,246,243,113
1955,23,222,237,246,243,113
1956,0,156,166,226,218,100
1956,1,156,164,225,218,100
1956,2,150,163,225,218,100
1956,3,144,161,225,218,100
1956,4,139,160,224,218,100
1956,5,139,158,224,218,100
1956,6,133,157,223,218,100
1956,7,128,155,223,217,100
1956,8,128,154,222,217,100
1956,9,117,153,222,217,100
1956,10,117,151,221,217,100
1956,11,117,150,221,217,100
1956,12,128,149,220,217,100
1956,13,144,149,220,217,100
1956,14,167,149,220,217,100
1956,15,183,151,219,217,100
1956,16,189,152,219,217,100
1956,17,183,152,219,217,100
1956,18,194,153,218,217,100
1956,19,189,154,218,216,100
1956,20,194,154,217,216,100
1956,21,206,156,217,216,100
1956,22,194,157,216,216,100
1956,23,189,158,216,216,100
1957,0,228,184,206,219,111
1957,1,211,186,206,219,111
1957,2,200,188,206,219,111
1957,3,189,190,206,219,111
1957,4,178,191,206,219,111
1957,5,161,192,206,219,111
1957,6,144,192,206,219,111
1957,7,139,192,206,219,111
1957,8,133,191,206,218,111
1957,9,133,191,206,218,111
1957,10,122,191,206,218,111
1957,11,117,191,205,218,111
1957,12,144,191,205,218,111
1957,13,178,192,205,218,111
1957,14,206,194,205,218,111
1957,15,228,195,205,218,111
1957,16,250,196,205,217,111
1957,17,256,197,205,217,111
1957,18,272,198,204,217,111
1957,19,261,198,204,217,111
1957,20,267,199,204,217,111
1957,21,261,199,203,217,111
1957,22,228,198,203,217,111
1957,23,217,197,202,217,111
1958,0,244,199,199,218,99
1958,1,233,200,199,218,99
1958,2,228,203,199,219,99
1958,3,217,205,199,219,99
1958,4,211,207,199,219,99
1958,5,211,209,199,219,99
1958,6,206,212,199,219,99
1958,7,206,214,199,219,99
1958,8,200,216,199,219,99
1958,9,200,219,199,219,99
1958,10,206,222,199,219,99
1958,11,206,225,199,219,99
1958,12,200,228,199,219,99
1958,13,222,230,199,219,99
1958,14,239,231,199,219,99
1958,15,256,232,199,219,99
1958,16,272,234,199,219,99
1958,17,272,235,199,219,99
1958,18,272,235,199,219,99
1958,19,278,235,199,219,99
1958,20,267,235,200,219,99
1958,21,233,234,199,219,99
1958,22,228,232,199,219,99
1958,23,233,231,199,219,99
1959,0,283,237,245,229,102
1959,1,267,238,245,229,102
1959,2,256,239,245,229,102
1959,3,250,241,245,229,102
1959,4,244,243,245,229,102
1959,5,233,245,245,229,102
1959,6,233,248,245,229,102
1959,7,228,250,245,229,102
1959,8,233,253,246,230,102
1959,9,228,256,246,230,102
1959,10,217,258,246,230,102
1959,11,211,261,246,230,102
1959,12,222,263,246,230,102
1959,13,256,265,247,230,102
1959,14,278,267,247,230,102
1959,15,289,268,247,230,102
1959,16,306,269,247,230,102
1959,17,311,269,247,230,102
1959,18,311,269,247,230,102
1959,19,328,269,247,230,102
1959,20,328,269,247,230,102
1959,21,322,269,247,230,102
1959,22,317,269,246,230,102
1959,23,300,269,246,230,102
1960,0,239,212,213,216,99
1960,1,222,211,213,216,99
1960,2,206,211,213,216,99
1960,3,211,211,213,216,99
1960,4,200,212,213,216,99
1960,5,194,212,213,216,99
1960,6,183,213,213,216,99
1960,7,172,213,213,216,99
1960,8,178,214,213,216,99
1960,9,183,215,212,216,99
1960,10,183,217,212,217,99
1960,11,183,218,212,217,99
1960,12,189,219,212,217,99
1960,13,206,220,212,217,99
1960,14,206,220,212,217,99
1960,15,217,220,212,217,99
1960,16,217,219,212,217,99
1960,17,194,216,212,216,99
1960,18,189,212,211,216,99
1960,19,189,209,211,216,99
1960,20,183,205,210,216,99
1960,21,183,202,210,216,99
1960,22,194,199,209,216,99
1960,23,200,197,209,216,99
1961,0,172,209,215,222,95
1961,1,172,206,215,222,95
1961,2,167,203,215,222,95
1961,3,167,200,216,222,95
1961,4,161,198,216,222,95
1961,5,156,196,216,221,95
1961,6,161,195,216,221,95
1961,7,156,194,217,221,95
1961,8,156,193,217,221,95
1961,9,156,193,217,221,95
1961,10,156,193,217,221,95
1961,11,167,193,218,221,95
1961,12,167,193,218,221,95
1961,13,167,192,218,221,95
1961,14,172,192,218,221,95
1961,15,172,189,218,221,95
1961,16,172,187,217,221,95
1961,17,178,185,217,220,95
1961,18,189,183,217,220,95
1961,19,217,181,216,220,95
1961,20,233,180,216,220,95
1961,21,222,179,216,220,95
1961,22,222,179,216,220,95
1961,23,217,178,216,220,95
1962,0,294,273,201,207,106
1962,1,267,274,202,207,106
1962,2,250,274,202,207,106
1962,3,261,275,202,208,106
1962,4,267,277,203,208,106
1962,5,261,277,203,208,106
1962,6,250,278,204,208,106
1962,7,250,279,204,208,106
1962,8,244,279,205,208,106
1962,9,233,279,205,208,106
1962,10,183,277,206,208,106
1962,11,178,274,206,208,106
1962,12,178,272,206,208,106
1962,13,178,269,206,208,106
1962,14,194,266,206,208,106
1962,15,217,263,206,208,106
1962,16,233,261,207,208,106
1962,17,250,258,207,208,106
1962,18,256,254,207,208,106
1962,19,267,252,208,208,106
1962,20,267,249,208,208,106
1962,21,267,245,209,208,106
1962,22,272,243,209,208,106
1962,23,261,241,209,208,106
1963,0,200,176,167,207,88
1963,1,200,178,167,207,88
1963,2,194,180,167,206,88
1963,3,183,181,167,206,88
1963,4,167,181,167,206,88
1963,5,161,181,167,206,88
1963,6,161,182,167,206,88
1963,7,133,181,167,206,88
1963,8,139,180,167,206,88
1963,9,144,179,167,206,88
1963,10,128,178,167,206,88
1963,11,128,177,167,206,88
1963,12,128,175,167,206,88
1963,13,139,174,167,206,88
1963,14,172,173,167,206,88
1963,15,206,174,167,206,88
1963,16,228,175,168,206,88
1963,17,233,177,168,206,88
1963,18,244,180,168,206,88
1963,19,261,182,169,206,88
1963,20,261,184,169,206,88
1963,21,261,187,169,206,88
1963,22,256,189,170,206,88
1963,23,244,190,170,206,88
1964,0,167,150,160,199,103
1964,1,167,150,161,199,103
1964,2,161,151,161,199,103
1964,3,161,152,162,199,103
1964,4,161,153,162,199,103
1964,5,161,155,162,199,103
1964,6,156,156,162,199,103
1964,7,156,158,163,199,103
1964,8,156,160,163,199,103
1964,9,150,162,164,198,103
1964,10,156,165,164,198,103
1964,11,144,167,164,198,103
1964,12,161,169,165,198,103
1964,13,178,171,165,198,103
1964,14,194,172,166,198,103
1964,15,222,172,166,198,103
1964,16,233,172,166,198,103
1964,17,250,174,167,198,103
1964,18,272,178,168,198,103
1964,19,272,182,168,198,103
1964,20,278,187,169,198,103
1964,21,283,191,169,198,103
1964,22,278,195,170,198,103
1964,23,267,199,170,198,103
1965,0,206,,,,
1965,1,191,,,,
1965,2,,,,,
1965,3,161,,,,
1965,4,152,,,,
1965,5,,,,,
1965,6,133,,,,
1965,7,129,,,,
1965,8,,,,,
1965,9,122,,,,
1965,10,124,,,,
1965,11,,,,,
1965,12,128,,,,
1965,13,156,,,,
1965,14,,,,,
1965,15,211,,,,
1965,16,226,,,,
1965,17,,,,,
1965,18,256,,,,
1965,19,256,,,,
1965,20,,,,,
1965,21,256,,,,
1965,22,239,,,,
1965,23,,,,,
1966,0,250,,,,
1966,1,241,,,,
1966,2,,,,,
1966,3,222,,,,
1966,4,213,,,,
1966,5,,,,,
1966,6,194,,,,
1966,7,192,,,,
1966,8,,,,,
1966,9,189,,,,
1966,10,189,,,,
1966,11,,,,,
1966,12,189,,,,
1966,13,209,,,,
1966,14,,,,,
1966,15,250,,,,
1966,16,254,,,,
1966,17,,,,,
1966,18,261,,,,
1966,19,265,,,,
1966,20,,,,,
1966,21,272,,,,
1966,22,268,,,,
1966,23,,,,,
1967,0,206,,,,
1967,1,197,,,,
1967,2,,,,,
1967,3,178,,,,
1967,4,169,,,,
1967,5,,,,,
1967,6,150,,,,
1967,7,146,,,,
1967,8,,,,,
1967,9,139,,,,
1967,10,139,,,,
1967,11,,,,,
1967,12,139,,,,
1967,13,157,,,,
1967,14,,,,,
1967,15,194,,,,
1967,16,205,,,,
1967,17,,,,,
1967,18,228,,,,
1967,19,232,,,,
1967,20,,,,,
1967,21,239,,,,
1967,22,230,,,,
1967,23,,,,,
1968,0,267,,,,
1968,1,261,,,,
1968,2,,,,,
1968,3,250,,,,
1968,4,246,,,,
1968,5,,,,,
1968,6,239,,,,
1968,7,235,,,,
1968,8,,,,,
1968,9,228,,,,
1968,10,226,,,,
1968,11,,,,,
1968,12,222,,,,
1968,13,239,,,,
1968,14,,,,,
1968,15,272,,,,
1968,16,287,,,,
1968,17,,,,,
1968,18,317,,,,
1968,19,317,,,,
1968,20,,,,,
1968,21,317,,,,
1968,22,306,,,,
1968,23,,,,,
1969,0,194,,,,
1969,1,181,,,,
1969,2,,,,,
1969,3,156,,,,
1969,4,143,,,,
1969,5,,,,,
1969,6,117,,,,
1969,7,113,,,,
1969,8,,,,,
1969,9,106,,,,
1969,10,108,,,,
1969,11,,,,,
1969,12,111,,,,
1969,13,137,,,,
1969,14,,,,,
1969,15,189,,,,
1969,16,200,,,,
1969,17,,,,,
1969,18,222,,,,
1969,19,228,,,,
1969,20,,,,,
1969,21,239,,,,
1969,22,228,,,,
1969,23,,,,,
1970,0,256,224,231,222,
1970,1,239,225,231,223,
1970,2,228,226,231,223,
1970,3,217,227,231,223,
1970,4,211,227,232,223,
1970,5,206,227,232,223,
1970,6,200,228,232,223,
1970,7,206,228,232,223,
1970,8,194,229,232,223,
1970,9,178,229,232,223,
1970,10,167,228,232,223,
1970,11,167,226,232,223,
1970,12,172,225,232,223,
1970,13,189,224,232,223,
1970,14,211,224,232,223,
1970,15,222,224,231,223,
1970,16,233,224,231,223,
1970,17,233,223,231,224,
1970,18,244,222,231,224,
1970,19,244,221,230,224,
1970,20,250,220,230,224,
1970,21,239,218,230,224,
1970,22,233,217,230,224,
1970,23,228,215,230,224,
1971,0,250,230,221,211,100
1971,1,233,230,221,211,100
1971,2,222,229,221,211,100
1971,3,222,230,221,211,100
1971,4,211,229,221,211,100
1971,5,206,229,221,211,100
1971,6,211,229,222,211,100
1971,7,217,230,222,211,100
1971,8,217,230,223,211,100
1971,9,217,231,223,211,100
1971,10,211,231,224,211,100
1971,11,211,231,224,212,100
1971,12,211,232,225,212,100
1971,13,228,232,225,212,100
1971,14,244,234,225,212,100
1971,15,250,235,225,212,100
1971,16,267,237,225,212,100
1971,17,283,238,225,212,100
1971,18,283,240,225,212,100
1971,19,294,240,225,212,100
1971,20,300,241,225,212,100
1971,21,289,242,225,212,100
1971,22,272,242,225,212,100
1971,23,250,242,225,212,100
1972,0,244,217,217,209,105
1972,1,222,217,217,209,105
1972,2,194,217,217,209,105
1972,3,194,218,217,209,105
1972,4,172,217,217,208,105
1972,5,167,216,217,208,105
1972,6,156,215,217,208,105
1972,7,150,214,217,208,105
1972,8,150,213,217,208,105
1972,9,144,212,217,208,105
1972,10,133,211,217,208,105
1972,11,133,210,217,208,105
1972,12,156,209,217,207,105
1972,13,172,208,217,207,105
1972,14,206,208,216,207,105
1972,15,244,208,216,207,105
1972,16,261,208,216,207,105
1972,17,261,208,216,207,105
1972,18,272,208,216,207,105
1972,19,278,208,216,207,105
1972,20,278,208,216,207,105
1972,21,278,208,216,207,105
1972,22,272,208,216,207,105
1972,23,261,208,216,207,105
1973,0,183,181,208,225,108
1973,1,183,180,208,225,108
1973,2,183,179,208,225,108
1973,3,183,179,208,225,108
1973,4,183,179,208,225,108
1973,5,183,180,208,225,108
1973,6,183,180,207,225,108
1973,7,178,181,207,225,108
1973,8,178,182,207,225,108
1973,9,178,184,207,225,108
1973,10,178,184,207,225,108
1973,11,178,185,207,225,108
1973,12,178,186,207,225,108
1973,13,178,186,206,225,108
1973,14,178,186,206,225,108
1973,15,172,186,206,225,108
1973,16,183,185,206,225,108
1973,17,183,185,205,225,108
1973,18,189,185,205,225,108
1973,19,178,184,205,225,108
1973,20,178,183,205,225,108
1973,21,189,182,204,225,108
1973,22,189,181,204,225,108
1973,23,183,181,204,225,108
1974,0,267,233,224,219,113
1974,1,250,233,224,219,113
1974,2,228,233,224,219,113
1974,3,217,233,224,219,113
1974,4,222,234,224,219,113
1974,5,217,235,224,219,113
1974,6,206,235,224,219,113
1974,7,200,236,224,219,113
1974,8,183,236,224,219,113
1974,9,178,236,224,220,113
1974,10,178,237,224,220,113
1974,11,172,237,224,220,113
1974,12,178,237,224,220,113
1974,13,211,238,224,220,113
1974,14,239,238,224,220,113
1974,15,256,238,224,220,113
1974,16,272,238,224,220,113
1974,17,278,238,225,220,113
1974,18,289,238,225,220,113
1974,19,283,237,225,220,113
1974,20,289,237,225,220,113
1974,21,278,236,225,220,113
1974,22,283,236,225,220,113
1974,23,278,235,225,220,113
1975,0,239,217,223,231,106
1975,1,222,218,223,231,106
1975,2,217,219,223,231,106
1975,3,206,219,224,231,106
1975,4,189,219,224,231,106
1975,5,200,220,224,231,106
1975,6,194,220,224,231,106
1975,7,194,221,224,231,106
1975,8,189,222,224,231,106
1975,9,183,222,224,231,106
1975,10,172,223,223,231,106
1975,11,178,223,223,231,106
1975,12,178,223,223,231,106
1975,13,194,223,223,231,106
1975,14,228,223,223,231,106
1975,15,256,224,224,231,106
1975,16,283,225,224,231,106
1975,17,294,226,224,231,106
1975,18,300,228,224,231,106
1975,19,294,228,224,231,106
1975,20,267,228,224,231,106
1975,21,294,229,224,231,106
1975,22,283,230,224,231,106
1975,23,267,230,224,230,106
1976,0,239,193,181,188,103
1976,1,222,194,181,188,103
1976,2,200,194,181,188,103
1976,3,183,195,181,188,103
1976,4,172,195,182,188,103
1976,5,161,194,182,188,103
1976,6,156,194,182,188,103
1976,7,139,193,182,188,103
1976,8,128,193,181,187,103
1976,9,117,192,181,187,103
1976,10,111,192,181,187,103
1976,11,106,191,181,187,103
1976,12,133,191,181,187,103
1976,13,161,191,180,187,103
1976,14,189,191,180,187,103
1976,15,217,192,181,187,103
1976,16,233,192,181,187,103
1976,17,244,193,181,187,103
1976,18,267,194,181,187,103
1976,19,272,195,181,187,103
1976,20,278,196,182,187,103
1976,21,278,196,182,187,103
1976,22,278,197,182,187,103
1976,23,272,198,182,187,103
1977,0,189,146,180,199,84
1977,1,156,146,180,199,84
1977,2,144,146,180,199,84
1977,3,133,146,180,199,84
1977,4,133,147,179,198,84
1977,5,122,146,179,198,84
1977,6,122,147,178,198,84
1977,7,128,149,178,198,84
1977,8,122,149,178,198,84
1977,9,117,151,177,198,84
1977,10,111,152,177,198,84
1977,11,111,153,176,198,84
1977,12,122,153,176,198,84
1977,13,133,154,176,198,84
1977,14,167,155,175,198,84
1977,15,194,157,175,198,84
1977,16,217,159,175,198,84
1977,17,228,161,176,198,84
1977,18,233,162,176,198,84
1977,19,233,164,176,197,84
1977,20,233,165,175,197,84
1977,21,228,166,175,197,84
1977,22,217,167,175,197,84
1977,23,211,167,175,197,84
1978,0,206,194,233,229,100
1978,1,200,194,233,229,100
1978,2,189,194,233,229,100
1978,3,178,192,232,229,100
1978,4,167,191,232,229,100
1978,5,161,189,232,229,100
1978,6,156,188,232,228,100
1978,7,139,185,231,228,100
1978,8,133,184,231,228,100
1978,9,128,182,230,228,100
1978,10,122,181,230,228,100
1978,11,117,179,229,228,100
1978,12,139,179,229,228,100
1978,13,161,178,229,227,100
1978,14,183,178,228,227,100
1978,15,200,179,228,227,100
1978,16,206,179,228,227,100
1978,17,211,180,227,227,100
1978,18,222,180,227,227,100
1978,19,228,180,227,226,100
1978,20,239,181,226,226,100
1978,21,239,182,226,226,100
1978,22,239,182,226,226,100
1978,23,233,183,225,226,100
1979,0,228,203,173,211,96
1979,1,217,204,173,211,96
1979,2,206,203,173,211,96
1979,3,200,203,173,211,96
1979,4,189,203,173,211,96
1979,5,189,202,174,211,96
1979,6,183,202,174,211,96
1979,7,183,202,174,211,96
1979,8,189,203,174,211,96
1979,9,189,204,174,211,96
1979,10,194,205,174,211,96
1979,11,178,205,174,211,96
1979,12,178,206,174,211,96
1979,13,178,206,174,211,96
1979,14,189,206,174,210,96
1979,15,194,207,174,210,96
1979,16,206,207,174,210,96
1979,17,206,206,174,210,96
1979,18,206,205,174,210,96
1979,19,206,203,175,210,96
1979,20,206,201,175,210,96
1979,21,211,200,175,210,96
1979,22,217,199,175,210,96
1979,23,206,198,175,210,96
1980,0,244,224,204,228,101
1980,1,239,224,204,228,101
1980,2,233,225,204,228,101
1980,3,222,225,204,228,101
1980,4,222,226,204,228,101
1980,5,222,227,205,228,101
1980,6,217,227,205,228,101
1980,7,211,227,205,228,101
1980,8,211,227,205,228,101
1980,9,211,228,205,228,101
1980,10,211,228,205,228,101
1980,11,211,229,205,228,101
1980,12,211,229,205,228,101
1980,13,200,228,205,228,101
1980,14,200,227,205,228,101
1980,15,211,226,205,228,101
1980,16,228,226,204,228,101
1980,17,244,226,204,228,101
1980,18,267,227,204,228,101
1980,19,272,229,204,228,101
1980,20,278,231,204,228,101
1980,21,272,231,204,228,101
1980,22,261,231,204,229,101
1980,23,267,232,205,229,101
1981,0,228,189,190,210,99
1981,1,206,189,190,210,99
1981,2,194,189,189,210,99
1981,3,161,188,189,210,99
1981,4,156,188,189,210,99
1981,5,150,188,189,210,99
1981,6,150,189,188,210,99
1981,7,139,189,188,210,99
1981,8,128,189,188,210,99
1981,9,122,188,187,210,99
1981,10,117,188,187,210,99
1981,11,117,188,186,210,99
1981,12,133,188,186,210,99
1981,13,161,187,186,210,99
1981,14,183,187,185,210,99
1981,15,217,188,185,210,99
1981,16,233,188,185,210,99
1981,17,250,189,185,210,99
1981,18,250,189,185,210,99
1981,19,244,189,185,210,99
1981,20,239,188,185,210,99
1981,21,239,188,184,210,98
1981,22,228,187,184,210,98
1981,23,222,186,184,210,98
1982,0,211,204,204,212,93
1982,1,206,203,204,212,93
1982,2,200,202,204,212,93
1982,3,200,202,205,212,93
1982,4,189,201,205,212,93
1982,5,189,201,205,212,93
1982,6,183,201,205,212,93
1982,7,172,201,206,212,93
1982,8,167,201,206,212,93
1982,9,172,201,206,212,93
1982,10,161,201,207,212,93
1982,11,156,200,207,213,93
1982,12,161,199,207,213,93
1982,13,178,198,207,212,93
1982,14,183,197,207,212,93
1982,15,206,197,207,212,93
1982,16,211,198,207,212,93
1982,17,211,197,207,212,93
1982,18,206,195,207,212,93
1982,19,228,194,207,212,93
1982,20,233,195,207,212,93
1982,21,228,195,206,212,93
1982,22,206,195,206,212,93
1982,23,194,194,206,212,93
1983,0,283,268,220,224,109
1983,1,261,268,220,224,109
1983,2,233,268,220,224,109
1983,3,217,268,221,224,109
1983,4,206,267,221,224,109
1983,5,178,265,221,224,109
1983,6,178,263,222,224,109
1983,7,161,260,222,224,109
1983,8,150,257,222,224,109
1983,9,150,254,222,224,109
1983,10,144,251,222,223,109
1983,11,139,247,223,223,109
1983,12,156,244,223,223,109
1983,13,183,241,223,223,109
1983,14,206,238,223,223,109
1983,15,222,235,223,223,109
1983,16,244,233,224,223,109
1983,17,267,230,224,223,109
1983,18,272,228,224,223,109
1983,19,283,225,224,223,109
1983,20,294,223,225,223,109
1983,21,289,222,225,223,109
1983,22,289,221,225,224,109
1983,23,283,220,226,224,109
1984,0,200,177,212,216,96
1984,1,183,176,212,216,96
1984,2,161,175,211,216,96
1984,3,156,174,211,215,96
1984,4,139,173,211,215,96
1984,5,128,172,210,215,96
1984,6,111,171,209,215,96
1984,7,111,169,209,215,96
1984,8,111,168,208,215,96
1984,9,106,166,208,215,96
1984,10,94,164,207,215,96
1984,11,100,163,206,215,96
1984,12,117,162,206,215,96
1984,13,133,161,205,215,96
1984,14,167,161,205,215,96
1984,15,194,162,205,215,96
1984,16,200,162,205,215,96
1984,17,222,163,204,214,96
1984,18,239,164,204,214,96
1984,19,244,165,204,214,96
1984,20,239,166,204,214,96
1984,21,256,168,204,214,96
1984,22,250,170,204,214,96
1984,23,244,171,204,214,96
1985,0,200,188,218,217,106
1985,1,178,186,217,217,106
1985,2,183,184,217,217,106
1985,3,172,183,216,217,106
1985,4,161,182,216,217,106
1985,5,161,181,215,217,106
1985,6,150,180,215,216,106
1985,7,139,178,214,216,106
1985,8,139,177,214,216,106
1985,9,139,176,213,216,106
1985,10,139,175,213,216,106
1985,11,150,174,212,216,106
1985,12,150,174,212,216,106
1985,13,156,173,211,216,106
1985,14,167,173,211,216,106
1985,15,183,173,210,216,106
1985,16,183,173,209,216,106
1985,17,189,173,209,216,106
1985,18,194,173,208,216,106
1985,19,206,174,207,216,106
1985,20,200,173,207,216,106
1985,21,189,172,206,216,106
1985,22,200,172,206,215,106
1985,23,194,172,205,215,106
1986,0,222,227,231,222,111
1986,1,222,226,231,222,111
1986,2,222,226,231,222,111
1986,3,217,226,231,222,111
1986,4,211,225,232,222,111
1986,5,200,225,232,222,111
1986,6,200,224,232,222,111
1986,7,206,224,232,222,111
1986,8,200,225,232,222,111
1986,9,200,225,232,222,111
1986,10,189,225,233,222,111
1986,11,194,225,233,222,111
1986,12,189,224,233,222,111
1986,13,194,224,233,222,111
1986,14,183,222,233,222,111
1986,15,200,220,233,222,111
1986,16,200,218,232,222,111
1986,17,211,217,232,222,111
1986,18,222,215,232,222,111
1986,19,222,213,231,222,111
1986,20,228,211,231,222,111
1986,21,244,211,231,222,111
1986,22,244,211,231,222,111
1986,23,233,211,230,222,111
1987,0,250,214,244,247,114
1987,1,222,213,243,247,114
1987,2,206,212,243,247,114
1987,3,172,210,243,247,114
1987,4,167,209,242,246,114
1987,5,156,208,242,246,114
1987,6,156,207,242,246,114
1987,7,144,206,241,246,114
1987,8,167,206,241,246,114
1987,9,161,206,241,246,114
1987,10,150,206,241,246,114
1987,11,139,205,241,246,114
1987,12,156,204,241,246,114
1987,13,194,204,240,246,114
1987,14,217,204,240,246,114
1987,15,256,206,240,246,114
1987,16,267,207,240,245,114
1987,17,278,209,240,245,114
1987,18,289,210,240,245,114
1987,19,283,211,240,245,114
1987,20,278,212,240,245,114
1987,21,261,212,239,245,114
1987,22,256,212,239,245,114
1987,23,250,211,239,245,114
1988,0,250,218,251,251,109
1988,1,233,220,251,251,109
1988,2,222,220,250,251,109
1988,3,206,220,250,251,109
1988,4,194,220,250,251,109
1988,5,183,220,249,251,109
1988,6,178,219,249,251,109
1988,7,172,218,248,251,109
1988,8,150,216,248,251,109
1988,9,133,214,247,251,109
1988,10,128,211,247,251,109
1988,11,128,209,246,251,109
1988,12,144,207,245,251,109
1988,13,172,206,245,251,109
1988,14,189,206,244,251,109
1988,15,211,206,244,251,109
1988,16,228,206,243,251,109
1988,17,239,206,243,251,109
1988,18,244,206,242,251,109
1988,19,250,205,242,251,109
1988,20,250,204,241,251,109
1988,21,250,203,240,251,109
1988,22,250,203,240,251,109
1988,23,244,202,239,250,109
1989,0,244,207,214,219,105
1989,1,222,209,214,219,105
1989,2,222,211,215,219,105
1989,3,233,214,215,219,105
1989,4,222,217,215,219,105
1989,5,222,220,216,219,105
1989,6,222,222,216,219,105
1989,7,228,225,216,219,105
1989,8,233,227,217,219,105
1989,9,244,229,217,220,105
1989,10,255,231,217,220,105
1989,11,266,231,217,220,105
1989,12,228,234,217,220,105
1989,13,289,237,217,220,105
1989,14,294,240,217,220,105
1989,15,294,243,217,220,105
1989,16,294,244,217,220,105
1989,17,278,245,217,220,105
1989,18,289,248,217,220,105
1989,19,255,249,217,220,105
1989,20,239,249,217,220,105
1989,21,294,251,217,220,105
1989,22,278,253,218,220,105
1989,23,272,255,218,220,105
1990,0,200,210,221,218,108
1990,1,189,210,221,218,108
1990,2,189,209,221,218,108
1990,3,183,207,221,218,108
1990,4,178,206,221,218,108
1990,5,178,204,221,218,108
1990,6,172,203,221,218,108
1990,7,167,201,221,218,108
1990,8,161,198,221,218,108
1990,9,161,197,221,217,108
1990,10,161,195,221,217,108
1990,11,156,193,221,217,108
1990,12,156,191,221,217,108
1990,13,161,189,221,217,108
1990,14,161,188,220,217,108
1990,15,172,187,220,217,108
1990,16,183,186,220,217,108
1990,17,183,184,220,217,108
1990,18,183,183,219,217,108
1990,19,183,181,219,217,108
1990,20,189,180,219,217,108
1990,21,194,179,218,217,108
1990,22,194,178,218,217,108
1990,23,194,177,218,216,108
1991,0,172,183,222,231,126
1991,1,156,181,221,231,126
1991,2,156,180,221,231,126
1991,3,150,179,220,231,126
1991,4,150,177,220,230,126
1991,5,156,176,220,230,126
1991,6,156,175,219,230,126
1991,7,150,174,219,230,126
1991,8,144,173,219,230,126
1991,9,150,172,219,230,126
1991,10,150,171,218,230,126
1991,11,156,171,218,229,126
1991,12,161,170,218,229,126
1991,13,161,170,218,229,126
1991,14,172,170,218,229,126
1991,15,183,170,217,229,126
1991,16,200,170,217,229,126
1991,17,200,170,217,229,126
1991,18,206,169,216,229,126
1991,19,200,170,216,228,126
1991,20,211,171,215,228,126
1991,21,211,172,215,228,126
1991,22,239,174,215,228,126
1991,23,222,175,215,228,126
1992,0,194,166,180,200,109
1992,1,183,166,179,200,109
1992,2,172,166,179,200,109
1992,3,156,165,179,200,109
1992,4,139,165,179,200,109
1992,5,144,164,179,200,109
1992,6,128,164,178,200,109
1992,7,122,164,178,199,109
1992,8,117,164,178,199,109
1992,9,117,165,178,199,109
1992,10,111,165,178,199,109
1992,11,117,166,177,199,109
1992,12,133,166,177,199,109
1992,13,156,167,177,199,109
1992,14,183,167,178,199,109
1992,15,200,168,178,199,109
1992,16,217,169,178,199,109
1992,17,228,171,178,199,109
1992,18,239,172,178,199,109
1992,19,250,173,179,199,109
1992,20,256,175,179,199,109
1992,21,256,177,179,199,109
1992,22,256,179,180,199,109
1992,23,250,180,180,199,109
1993,0,278,250,253,231,110
1993,1,261,250,253,231,110
1993,2,250,250,253,231,110
1993,3,233,250,253,231,110
1993,4,222,249,253,231,110
1993,5,211,249,253,231,110
1993,6,206,247,253,231,110
1993,7,200,246,253,231,110
1993,8,194,245,253,231,110
1993,9,194,243,253,231,110
1993,10,189,242,253,231,110
1993,11,183,240,253,231,110
1993,12,183,238,253,231,110
1993,13,206,237,252,231,110
1993,14,217,236,252,231,110
1993,15,222,235,252,231,110
1993,16,228,234,251,231,110
1993,17,233,233,251,231,110
1993,18,256,233,251,231,110
1993,19,261,232,250,231,110
1993,20,278,232,250,231,110
1993,21,272,231,250,231,110
1993,22,272,230,250,231,110
1993,23,267,230,249,231,110
1994,0,250,235,206,213,104
1994,1,244,235,206,213,104
1994,2,244,236,206,213,104
1994,3,239,237,206,213,104
1994,4,239,238,206,213,104
1994,5,206,238,205,213,104
1994,6,200,238,205,213,104
1994,7,200,238,205,213,104
1994,8,200,238,204,213,104
1994,9,200,239,204,213,104
1994,10,194,239,204,212,104
1994,11,194,240,203,212,104
1994,12,194,240,203,212,104
1994,13,194,239,203,212,104
1994,14,194,237,203,212,104
1994,15,206,235,203,212,104
1994,16,206,232,203,212,104
1994,17,217,229,203,212,104
1994,18,228,227,203,212,104
1994,19,228,224,204,212,104
1994,20,233,222,204,212,104
1994,21,228,220,204,212,104
1994,22,206,217,204,212,104
1994,23,200,214,204,212,104
1995,0,300,260,277,258,116
1995,1,294,261,277,258,116
1995,2,283,263,277,258,116
1995,3,244,263,277,258,116
1995,4,250,263,277,258,116
1995,5,239,264,277,258,116
1995,6,244,265,277,258,116
1995,7,239,266,277,258,116
1995,8,228,266,277,258,116
1995,9,222,267,277,258,116
1995,10,222,268,277,258,116
1995,11,211,269,277,258,116
1995,12,217,269,277,258,116
1995,13,233,269,277,258,116
1995,14,256,269,276,258,116
1995,15,278,270,276,258,116
1995,16,278,269,276,258,116
1995,17,289,268,276,258,116
1995,18,300,267,276,258,116
1995,19,306,267,276,258,116
1995,20,311,267,275,258,116
1995,21,311,266,275,258,116
1995,22,306,265,275,258,116
1995,23,300,265,275,258,116
1996,0,272,230,213,211,101
1996,1,256,231,213,211,101
1996,2,253,233,213,211,101
1996,3,247,235,213,211,101
1996,4,244,236,214,211,101
1996,5,242,238,214,211,101
1996,6,236,240,214,211,101
1996,7,233,242,215,211,101
1996,8,233,245,215,211,101
1996,9,232,247,215,211,101
1996,10,220,249,216,212,101
1996,11,218,251,216,212,101
1996,12,211,252,216,212,101
1996,13,218,253,216,212,101
1996,14,229,252,216,212,101
1996,15,239,252,216,212,101
1996,16,258,252,216,212,101
1996,17,272,251,216,212,101
1996,18,278,251,216,212,101
1996,19,279,251,216,212,101
1996,20,283,250,216,212,101
1996,21,239,248,217,213,101
1996,22,267,247,217,213,101
1996,23,264,247,217,213,101
1997,0,183,182,209,214,103
1997,1,182,181,208,214,103
1997,2,179,180,208,214,103
1997,3,179,179,208,214,103
1997,4,182,178,208,214,103
1997,5,183,178,208,214,103
1997,6,183,178,208,213,103
1997,7,179,178,208,213,103
1997,8,174,178,209,213,103
1997,9,170,178,209,213,103
1997,10,164,177,209,213,103
1997,11,168,177,209,213,103
1997,12,167,177,209,213,103
1997,13,179,177,209,213,103
1997,14,190,178,209,213,103
1997,15,208,180,209,213,103
1997,16,206,181,209,213,103
1997,17,203,182,209,213,103
1997,18,200,183,208,213,103
1997,19,192,183,208,213,103
1997,20,189,184,208,213,103
1997,21,186,184,208,213,103
1997,22,183,184,207,213,103
1997,23,180,184,207,213,103
1998,0,239,187,218,225,114
1998,1,211,187,218,225,114
1998,2,194,188,217,225,114
1998,3,180,189,217,225,114
1998,4,170,190,217,224,114
1998,5,170,191,217,224,114
1998,6,172,192,216,224,114
1998,7,161,194,216,224,114
1998,8,158,195,216,224,114
1998,9,150,197,216,224,114
1998,10,138,198,215,224,114
1998,11,138,200,215,224,114
1998,12,144,201,215,224,114
1998,13,186,202,214,224,114
1998,14,222,204,214,224,114
1998,15,250,205,214,224,114
1998,16,266,206,214,224,114
1998,17,278,208,215,224,114
1998,18,283,209,215,224,114
1998,19,286,210,215,224,114
1998,20,292,211,215,224,114
1998,21,292,212,215,224,114
1998,22,284,213,215,224,114
1998,23,275,214,215,224,114
1999,0,211,199,206,226,115
1999,1,194,198,206,226,115
1999,2,186,197,205,226,115
1999,3,183,197,205,226,115
1999,4,164,196,205,226,115
1999,5,158,194,204,226,115
1999,6,156,193,204,226,115
1999,7,144,192,204,225,115
1999,8,142,191,203,225,115
1999,9,139,190,203,225,115
1999,10,142,189,203,225,115
1999,11,144,188,202,225,115
1999,12,144,187,202,225,115
1999,13,158,187,202,225,115
1999,14,181,187,201,225,115
1999,15,200,187,201,225,115
1999,16,194,186,201,224,115
1999,17,197,185,201,224,115
1999,18,200,184,200,224,115
1999,19,222,183,200,224,115
1999,20,230,182,201,224,115
1999,21,239,182,201,224,115
1999,22,217,182,201,224,115
1999,23,212,182,201,224,115
2000,0,200,170,190,206,114
2000,1,180,170,190,206,114
2000,2,170,170,190,206,114
2000,3,158,170,190,206,114
2000,4,144,170,189,206,114
2000,5,134,169,189,206,114
2000,6,128,168,189,206,114
2000,7,120,167,189,206,114
2000,8,114,167,188,206,114
2000,9,111,166,188,205,114
2000,10,111,166,188,205,114
2000,11,110,166,187,205,114
2000,12,111,165,187,205,114
2000,13,147,165,187,205,114
2000,14,172,166,187,205,114
2000,15,192,166,186,205,114
2000,16,206,167,186,205,114
2000,17,220,167,186,205,114
2000,18,233,168,186,205,114
2000,19,236,169,186,205,114
2000,20,242,170,186,205,114
2000,21,244,171,186,205,114
2000,22,238,172,186,205,114
2000,23,226,173,185,205,114
2001,0,189,180,209,233,103
2001,1,180,179,208,233,103
2001,2,178,179,208,233,103
2001,3,178,178,208,233,103
2001,4,175,178,208,233,103
2001,5,172,177,207,233,103
2001,6,166,177,207,233,103
2001,7,161,177,207,233,103
2001,8,158,177,207,233,103
2001,9,156,177,207,233,103
2001,10,153,177,207,232,103
2001,11,155,177,206,232,103
2001,12,156,177,206,232,103
2001,13,188,178,206,232,103
2001,14,208,179,206,232,103
2001,15,228,181,206,232,103
2001,16,236,182,206,232,103
2001,17,244,185,206,232,103
2001,18,250,187,206,232,103
2001,19,253,189,206,232,103
2001,20,256,192,206,232,103
2001,21,258,195,206,232,103
2001,22,253,198,206,232,103
2001,23,245,200,206,232,103
2002,0,238,221,248,246,121
2002,1,228,222,247,246,121
2002,2,216,222,247,246,121
2002,3,206,221,247,246,121
2002,4,200,221,247,246,121
2002,5,184,220,246,245,121
2002,6,183,219,246,245,121
2002,7,164,217,246,245,121
2002,8,162,216,245,245,121
2002,9,156,214,245,245,121
2002,10,150,213,244,245,121
2002,11,156,211,244,245,121
2002,12,167,210,244,245,121
2002,13,178,209,243,245,121
2002,14,225,210,243,245,121
2002,15,248,211,242,245,121
2002,16,264,212,242,245,121
2002,17,276,214,242,244,121
2002,18,283,215,242,244,121
2002,19,292,217,242,244,121
2002,20,300,218,241,244,121
2002,21,303,220,241,244,121
2002,22,300,222,241,244,121
2002,23,290,224,241,244,121
2003,0,278,230,233,220,101
2003,1,250,230,233,220,101
2003,2,236,231,233,220,101
2003,3,228,231,233,220,101
2003,4,222,233,232,220,101
2003,5,214,234,232,220,101
2003,6,211,235,232,220,101
2003,7,203,236,232,220,101
2003,8,200,238,232,220,101
2003,9,197,239,232,220,101
2003,10,194,241,232,220,101
2003,11,192,242,232,220,101
2003,12,194,243,231,220,101
2003,13,236,244,231,220,101
2003,14,258,245,231,220,101
2003,15,272,246,231,220,101
2003,16,284,246,231,220,101
2003,17,290,246,231,220,101
2003,18,294,246,231,221,101
2003,19,303,247,231,221,101
2003,20,306,247,231,221,101
2003,21,303,248,231,221,101
2003,22,297,248,231,221,101
2003,23,292,248,231,221,101
2004,0,200,216,193,201,107
2004,1,200,216,194,201,107
2004,2,200,216,194,201,107
2004,3,200,216,194,201,107
2004,4,203,216,194,201,107
2004,5,208,216,195,201,107
2004,6,206,216,195,201,107
2004,7,192,216,195,201,107
2004,8,180,216,196,201,107
2004,9,172,215,196,201,107
2004,10,164,214,196,201,107
2004,11,166,213,196,201,107
2004,12,167,212,197,201,107
2004,13,164,210,197,201,107
2004,14,174,208,197,200,107
2004,15,178,205,197,200,107
2004,16,186,203,197,200,107
2004,17,200,200,197,200,107
2004,18,206,198,197,200,107
2004,19,217,196,197,200,107
2004,20,218,194,198,200,107
2004,21,222,193,198,200,107
2004,22,216,193,198,200,107
2004,23,206,193,198,200,107
2005,0,222,255,235,243,112
2005,1,220,253,234,243,112
2005,2,217,251,234,243,112
2005,3,217,250,234,243,112
2005,4,217,248,234,243,112
2005,5,217,248,234,243,112
2005,6,217,247,234,243,112
2005,7,220,247,234,243,112
2005,8,221,247,234,243,112
2005,9,222,247,234,243,112
2005,10,218,248,234,243,112
2005,11,217,248,234,243,112
2005,12,217,248,234,243,112
2005,13,228,247,234,243,112
2005,14,232,246,233,243,112
2005,15,250,245,233,243,112
2005,16,270,244,233,243,112
2005,17,275,242,233,243,112
2005,18,278,241,233,243,112
2005,19,283,240,233,243,112
2005,20,286,238,233,243,112
2005,21,289,237,233,243,112
2005,22,270,238,233,243,112
2005,23,258,240,233,243,112
2006,0,211,225,228,233,112
2006,1,197,224,228,233,112
2006,2,188,223,228,233,112
2006,3,183,221,228,233,112
2006,4,172,219,228,233,112
2006,5,158,216,228,233,112
2006,6,150,214,228,233,112
2006,7,142,211,227,233,112
2006,8,136,209,227,233,112
2006,9,133,205,227,233,112
2006,10,134,202,227,232,112
2006,11,144,200,227,232,112
2006,12,150,198,227,232,111
2006,13,183,196,227,232,111
2006,14,197,195,226,232,111
2006,15,200,193,226,232,111
2006,16,230,192,226,232,111
2006,17,244,192,226,232,111
2006,18,250,192,225,232,111
2006,19,247,191,225,232,111
2006,20,250,191,225,233,111
2006,21,250,191,225,233,111
2006,22,256,193,224,233,111
2006,23,247,194,224,233,111
2007,0,194,169,200,226,109
2007,1,200,171,200,226,109
2007,2,200,173,200,226,109
2007,3,200,175,200,226,109
2007,4,200,177,200,226,109
2007,5,200,179,200,226,109
2007,6,200,181,200,226,109
2007,7,200,183,201,226,109
2007,8,200,185,201,226,109
2007,9,200,187,201,226,109
2007,10,195,189,202,226,109
2007,11,197,191,202,226,109
2007,12,194,192,202,226,109
2007,13,200,194,203,226,109
2007,14,208,196,203,226,109
2007,15,217,198,203,226,109
2007,16,240,200,203,226,109
2007,17,235,202,203,226,109
2007,18,228,204,203,226,109
2007,19,234,206,203,226,109
2007,20,232,207,203,226,109
2007,21,233,208,203,226,109
2007,22,232,210,203,226,109
2007,23,229,211,203,226,109
2008,0,244,197,201,213,112
2008,1,222,197,201,213,112
2008,2,208,198,201,213,112
2008,3,200,198,201,213,112
2008,4,186,199,201,213,112
2008,5,175,199,201,213,112
2008,6,167,200,201,213,112
2008,7,161,200,201,213,112
2008,8,158,201,201,213,112
2008,9,156,202,201,213,112
2008,10,144,202,201,213,112
2008,11,147,203,201,213,112
2008,12,150,204,201,213,112
2008,13,186,205,201,213,112
2008,14,216,206,201,213,112
2008,15,233,207,201,213,112
2008,16,267,209,201,213,112
2008,17,280,211,202,213,112
2008,18,283,212,202,213,112
2008,19,297,214,202,213,112
2008,20,300,215,203,213,112
2008,21,300,217,204,213,112
2008,22,294,218,204,213,112
2008,23,284,219,205,213,112
2009,0,256,237,247,227,106
2009,1,216,237,246,227,106
2009,2,217,237,246,227,106
2009,3,217,237,246,227,106
2009,4,217,237,246,227,106
2009,5,214,238,246,227,106
2009,6,211,238,247,227,106
2009,7,217,238,247,227,106
2009,8,218,238,247,227,106
2009,9,217,239,247,227,106
2009,10,211,239,247,227,106
2009,11,210,239,247,227,106
2009,12,211,239,247,227,106
2009,13,218,239,247,227,106
2009,14,226,239,247,227,106
2009,15,233,238,247,227,106
2009,16,258,238,247,227,106
2009,17,267,238,247,227,106
2009,18,267,238,247,227,106
2009,19,270,237,247,228,106
2009,20,264,235,246,228,106
2009,21,261,234,246,228,106
2009,22,264,234,246,228,106
2009,23,252,234,246,228,106
2010,0,283,249,241,244,115
2010,1,264,249,241,244,115
2010,2,252,250,241,244,115
2010,3,244,251,241,244,115
2010,4,230,251,241,244,115
2010,5,225,252,242,244,115
2010,6,228,253,242,244,115
2010,7,222,254,242,244,115
2010,8,211,255,242,244,115
2010,9,200,255,242,244,115
2010,10,206,256,242,244,115
2010,11,206,257,242,244,115
2010,12,206,257,242,244,115
2010,13,242,257,242,244,115
2010,14,267,257,242,244,115
2010,15,278,257,242,244,115
2010,16,294,258,242,244,115
2010,17,303,258,242,244,115
2010,18,306,258,242,244,115
2010,19,300,257,242,244,115
2010,20,294,257,242,244,115
2010,21,289,256,241,244,115
2010,22,270,255,241,244,115
2010,23,242,253,241,244,115
2011,0,261,216,217,242,109
2011,1,242,218,217,242,109
2011,2,234,220,217,242,109
2011,3,228,221,217,242,109
2011,4,222,223,217,242,109
2011,5,222,225,217,242,109
2011,6,222,227,217,242,109
2011,7,211,229,217,242,109
2011,8,208,231,217,242,109
2011,9,206,232,217,242,109
2011,10,211,235,217,242,109
2011,11,216,237,217,242,109
2011,12,222,240,217,241,109
2011,13,234,241,217,241,109
2011,14,248,243,218,241,109
2011,15,256,244,218,241,109
2011,16,256,244,218,241,109
2011,17,243,243,218,241,109
2011,18,244,241,218,241,109
2011,19,254,240,218,241,109
2011,20,226,237,218,241,109
2011,21,244,236,218,240,109
2011,22,250,234,219,240,109
2011,23,244,233,219,240,109
2012,0,194,193,206,228,127
2012,1,172,191,206,228,127
2012,2,164,189,206,228,127
2012,3,161,188,205,227,127
2012,4,147,186,205,227,127
2012,5,142,185,205,227,127
2012,6,139,183,204,227,127
2012,7,130,182,204,227,127
2012,8,128,181,204,227,127
2012,9,128,180,204,227,127
2012,10,125,179,203,227,127
2012,11,134,178,203,227,127
2012,12,139,177,203,227,127
2012,13,170,178,203,227,127
2012,14,195,178,202,227,127
2012,15,206,179,202,227,127
2012,16,228,179,202,227,127
2012,17,242,179,202,227,127
2012,18,250,180,202,227,127
2012,19,247,180,202,227,127
2012,20,242,180,202,226,127
2012,21,239,180,202,226,127
2012,22,175,179,202,226,127
2012,23,167,178,202,226,127
2013,0,250,212,188,202,109
2013,1,220,212,188,202,109
2013,2,214,213,189,202,109
2013,3,211,214,189,202,109
2013,4,192,215,189,202,109
2013,5,184,216,190,202,109
2013,6,178,216,190,202,109
2013,7,175,217,190,202,109
2013,8,170,218,191,202,109
2013,9,167,218,191,202,109
2013,10,161,218,191,202,109
2013,11,166,219,192,202,109
2013,12,172,220,192,202,109
2013,13,208,220,192,202,109
2013,14,233,220,193,202,109
2013,15,244,220,193,202,109
2013,16,266,221,194,202,109
2013,17,278,221,195,202,109
2013,18,283,222,195,202,109
2013,19,283,222,196,202,109
2013,20,283,222,196,202,110
2013,21,283,223,197,202,110
2013,22,270,223,197,202,110
2013,23,258,223,198,202,110
2014,0,217,220,198,205,103
2014,1,203,219,198,205,103
2014,2,200,217,199,205,103
2014,3,200,216,199,204,103
2014,4,194,215,199,204,103
2014,5,194,213,200,204,103
2014,6,194,213,200,204,103
2014,7,192,213,200,204,103
2014,8,189,213,201,204,103
2014,9,189,213,201,204,103
2014,10,189,214,201,204,103
2014,11,189,214,201,204,103
2014,12,189,214,202,204,103
2014,13,216,216,202,204,103
2014,14,230,217,202,204,103
2014,15,233,219,202,204,103
2014,16,233,219,202,204,103
2014,17,253,220,203,204,103
2014,18,250,219,203,204,103
2014,19,245,219,203,204,103
2014,20,242,218,203,204,103
2014,21,239,216,203,204,103
2014,22,234,215,204,203,103
2014,23,230,214,204,203,103
2015,0,228,245,245,235,105
2015,1,212,243,245,235,105
2015,2,200,240,245,235,105
2015,3,194,238,245,235,105
2015,4,175,235,245,235,105
2015,5,166,232,245,235,105
2015,6,161,229,244,235,105
2015,7,158,225,244,235,105
2015,8,150,222,244,235,105
2015,9,144,218,244,235,105
2015,10,142,214,244,235,105
2015,11,148,211,244,235,105
2015,12,156,207,244,235,105
2015,13,192,205,244,235,105
2015,14,214,204,244,235,105
2015,15,222,203,244,235,105
2015,16,230,203,243,235,105
2015,17,236,203,243,235,105
2015,18,239,202,243,235,105
2015,19,250,202,243,235,105
2015,20,250,201,242,235,105
2015,21,250,200,242,235,105
2015,22,247,200,242,235,105
2015,23,242,200,242,235,105
2016,0,278,249,239,247,127
2016,1,262,250,239,247,127
2016,2,250,250,239,247,127
2016,3,244,251,239,247,127
2016,4,247,252,239,247,128
2016,5,244,253,239,247,128
2016,6,244,254,239,247,128
2016,7,236,254,239,247,128
2016,8,228,255,239,247,128
2016,9,222,255,239,247,128
2016,10,220,256,238,247,128
2016,11,217,256,238,247,128
2016,12,217,256,238,247,128
2016,13,217,255,238,247,128
2016,14,220,254,238,247,128
2016,15,222,252,237,247,128
2016,16,230,250,237,247,128
2016,17,228,248,237,247,128
2016,18,228,246,237,247,128
2016,19,244,244,237,247,128
2016,20,247,242,237,247,128
2016,21,250,240,237,247,128
2016,22,244,238,237,246,128
2016,23,230,236,237,246,128
2017,0,256,207,228,219,126
2017,1,242,209,229,219,126
2017,2,225,211,229,218,126
2017,3,217,213,229,218,126
2017,4,222,215,229,218,126
2017,5,214,216,230,218,126
2017,6,211,218,230,218,126
2017,7,200,220,230,218,126
2017,8,197,222,230,218,126
2017,9,194,223,230,218,126
2017,10,189,224,230,218,126
2017,11,194,226,230,218,126
2017,12,200,228,231,218,126
2017,13,228,230,231,218,126
2017,14,253,233,231,218,126
2017,15,267,235,232,218,126
2017,16,288,237,232,218,126
2017,17,294,238,233,218,126
2017,18,294,240,233,218,126
2017,19,284,240,233,218,126
2017,20,289,241,233,218,126
2017,21,289,241,233,219,126
2017,22,283,242,234,219,126
2017,23,280,242,234,219,126
2018,0,239,212,214,220,113
2018,1,225,212,214,220,113
2018,2,220,213,214,220,113
2018,3,217,214,215,220,113
2018,4,217,216,215,220,113
2018,5,217,217,215,220,113
2018,6,217,219,215,220,113
2018,7,214,221,216,220,113
2018,8,211,222,216,220,113
2018,9,211,224,216,220,113
2018,10,208,226,217,221,113
2018,11,206,228,217,221,113
2018,12,206,229,217,221,113
2018,13,200,229,217,221,113
2018,14,220,229,217,221,113
2018,15,228,229,217,221,113
2018,16,236,229,217,221,113
2018,17,247,229,218,221,113
2018,18,250,229,218,221,113
2018,19,248,228,218,221,113
2018,20,261,228,218,221,113
2018,21,261,227,218,221,113
2018,22,239,227,218,221,113
2018,23,214,225,218,221,113
2019,0,283,249,237,227,113
2019,1,270,250,237,227,113
2019,2,267,251,237,227,113
2019,3,217,250,237,227,113
2019,4,211,250,237,227,113
2019,5,211,250,238,227,113
2019,6,211,250,238,227,113
2019,7,208,250,238,227,113
2019,8,211,250,238,227,113
2019,9,211,250,238,227,113
2019,10,208,251,238,227,113
2019,11,208,251,238,227,113
2019,12,211,251,238,227,113
2019,13,216,250,238,227,113
2019,14,228,249,238,227,113
2019,15,239,248,238,227,113
2019,16,258,247,238,227,113
2019,17,261,246,238,227,113
2019,18,261,245,238,227,113
2019,19,267,243,238,227,113
2019,20,267,242,238,227,113
2019,21,267,241,238,227,113
2019,22,266,239,238,227,113
2019,23,256,238,238,228,113
2020,0,256,205,221,234,117
2020,1,228,206,221,234,117
2020,2,212,207,220,234,117
2020,3,206,207,220,234,117
2020,4,180,208,219,234,117
2020,5,172,208,219,234,117
2020,6,172,209,218,234,117
2020,7,158,209,218,234,117
2020,8,162,210,218,234,117
2020,9,167,211,217,234,117
2020,10,164,212,217,233,117
2020,11,172,214,217,233,117
2020,12,178,217,216,233,117
2020,13,217,218,216,233,117
2020,14,242,219,216,233,117
2020,15,256,221,216,233,117
2020,16,264,221,216,233,117
2020,17,280,222,216,233,117
2020,18,289,223,216,233,117
2020,19,297,224,216,233,117
2020,20,300,225,216,234,117
2020,21,300,226,216,234,117
2020,22,292,226,216,234,117
2020,23,270,226,215,234,117
2021,0,256,232,222,226,115
2021,1,225,232,222,227,115
2021,2,208,232,222,227,115
2021,3,200,231,221,227,115
2021,4,194,231,221,227,115
2021,5,189,230,221,227,115
2021,6,189,229,221,227,115
2021,7,180,228,221,227,115
2021,8,175,227,221,227,115
2021,9,172,225,221,227,115
2021,10,166,224,220,227,115
2021,11,170,222,220,227,115
2021,12,178,221,220,227,115
2021,13,214,221,220,227,115
2021,14,242,223,220,227,115
2021,15,256,224,220,227,115
2021,16,275,225,220,227,115
2021,17,280,226,220,227,115
2021,18,283,226,221,227,115
2021,19,286,227,221,227,115
2021,20,286,227,221,227,115
2021,21,289,227,221,227,115
2021,22,280,227,221,227,115
2021,23,272,228,221,228,115
2022,0,272,232,205,224,117
2022,1,256,233,206,224,117
2022,2,250,235,206,224,117
2022,3,244,236,207,224,117
2022,4,183,236,207,224,117
2022,5,180,236,207,224,117
2022,6,178,236,207,223,117
2022,7,178,235,207,223,117
2022,8,178,236,207,223,117
2022,9,172,236,207,223,117
2022,10,172,236,207,223,117
2022,11,175,236,207,223,117
2022,12,178,235,207,223,117
2022,13,178,234,207,223,117
2022,14,203,232,207,223,117
2022,15,217,230,207,223,117
2022,16,217,228,207,223,117
2022,17,217,225,207,223,117
2022,18,228,222,207,223,117
2022,19,247,220,207,223,117
2022,20,258,219,208,222,117
2022,21,256,217,208,222,117
2022,22,253,215,208,222,117
2022,23,250,214,208,222,117
2023,0,278,217,212,226,116
2023,1,248,218,212,226,116
2023,2,239,221,212,226,116
2023,3,239,223,212,227,116
2023,4,222,225,212,227,116
2023,5,216,227,212,227,116
2023,6,211,229,212,227,116
2023,7,202,230,212,227,116
2023,8,202,232,212,227,116
2023,9,211,235,212,227,116
2023,10,194,237,212,227,116
2023,11,203,239,212,227,116
2023,12,206,241,212,227,116
2023,13,239,243,212,227,116
2023,14,261,244,212,227,116
2023,15,272,245,212,227,116
2023,16,286,246,212,227,116
2023,17,298,247,212,227,116
2023,18,306,249,212,228,116
2023,19,308,250,213,228,116
2023,20,311,251,213,228,116
2023,21,311,251,214,228,116
2023,22,302,252,215,228,116
2023,23,288,252,215,228,116
2024,0,178,173,216,233,135
2024,1,162,172,216,233,135
2024,2,150,171,215,233,135
2024,3,144,170,215,233,135
2024,4,125,168,214,232,135
2024,5,120,166,214,232,135
2024,6,117,164,213,232,135
2024,7,116,163,213,232,135
2024,8,111,161,213,232,135
2024,9,111,159,212,232,135
2024,10,108,158,212,232,135
2024,11,111,156,212,231,135
2024,12,117,155,211,231,135
2024,13,158,154,211,231,135
2024,14,178,155,211,231,135
2024,15,183,155,210,231,135
2024,16,197,156,210,231,135
2024,17,206,156,210,231,135
2024,18,211,157,209,231,135
2024,19,211,157,209,231,135
2024,20,214,158,209,231,135
2024,21,217,159,208,231,135
2024,22,208,160,208,231,135
2024,23,200,161,207,231,135
2025,0,239,236,243,242,126
2025,1,225,234,243,242,126
2025,2,220,233,243,242,126
2025,3,217,232,243,242,126
2025,4,211,231,243,242,126
2025,5,211,231,243,242,126
2025,6,211,230,243,242,126
2025,7,206,230,243,242,126
2025,8,203,229,243,242,126
2025,9,200,229,243,243,126
2025,10,194,228,243,243,126
2025,11,192,227,243,243,126
2025,12,189,226,243,243,126
2025,13,194,224,242,243,126
2025,14,203,223,242,243,126
2025,15,206,222,242,243,126
2025,16,220,221,242,243,126
2025,17,228,220,242,243,126
2025,18,233,219,242,243,126
2025,19,248,219,241,243,126
2025,20,258,219,241,243,126
2025,21,261,219,241,243,126
2025,22,258,220,241,243,126
2025,23,247,220,241,243,126
