year,hour,obs,D1,D7,D30,D365
1973,0,150,133,,101,
1973,1,144,134,,101,
1973,2,138,135,,101,
1973,3,139,135,,101,
1973,4,138,135,,101,
1973,5,144,136,,101,
1973,6,144,136,,101,
1973,7,144,136,,101,
1973,8,144,137,112,101,
1973,9,139,137,112,101,
1973,10,138,138,112,101,
1973,11,133,138,113,101,
1973,12,133,137,113,101,
1973,13,133,137,113,101,
1973,14,144,138,114,101,
1973,15,144,139,114,101,
1973,16,144,139,114,101,
1973,17,144,140,114,101,
1973,18,139,140,115,102,
1973,19,133,140,115,102,
1973,20,133,140,115,102,132
1973,21,133,140,115,102,132
1973,22,133,139,115,102,132
1973,23,127,139,115,102,132
1974,0,106,81,75,94,130
1974,1,100,81,75,93,130
1974,2,89,80,75,93,130
1974,3,89,80,75,93,130
1974,4,83,80,75,93,130
1974,5,78,79,74,93,130
1974,6,78,78,74,93,130
1974,7,83,78,75,93,130
1974,8,67,78,75,93,130
1974,9,61,77,75,93,130
1974,10,56,76,75,93,130
1974,11,61,76,75,93,130
1974,12,67,76,75,93,130
1974,13,72,76,75,93,130
1974,14,67,77,75,93,130
1974,15,61,76,75,93,130
1974,16,44,76,75,93,130
1974,17,78,76,75,93,130
1974,18,83,77,75,93,130
1974,19,94,78,75,93,130
1974,20,100,79,75,93,130
1974,21,100,80,75,93,130
1974,22,106,80,75,93,130
1974,23,111,81,75,93,130
1975,0,172,110,93,92,124
1975,1,161,111,93,93,124
1975,2,150,112,93,93,124
1975,3,139,114,94,93,124
1975,4,128,114,94,93,124
1975,5,111,114,94,93,124
1975,6,117,115,94,93,124
1975,7,133,116,94,93,124
1975,8,111,117,94,93,124
1975,9,100,117,94,93,124
1975,10,117,118,94,93,124
1975,11,117,120,95,93,124
1975,12,122,122,95,93,124
1975,13,117,124,95,93,124
1975,14,111,126,95,93,124
1975,15,89,127,95,93,124
1975,16,83,127,95,93,124
1975,17,128,128,95,94,124
1975,18,122,128,95,94,124
1975,19,133,127,95,94,124
1975,20,144,128,96,94,124
1975,21,144,128,96,94,124
1975,22,139,127,96,94,124
1975,23,150,127,96,94,124
1976,0,122,76,80,93,132
1976,1,106,75,80,93,132
1976,2,94,74,80,93,132
1976,3,106,74,80,93,132
1976,4,106,74,80,93,132
1976,5,94,76,80,93,132
1976,6,83,76,80,93,132
1976,7,61,76,80,93,132
1976,8,50,76,80,93,132
1976,9,61,76,80,93,132
1976,10,44,77,80,93,132
1976,11,50,77,79,93,132
1976,12,39,78,79,93,132
1976,13,39,79,79,93,132
1976,14,33,79,79,93,132
1976,15,33,78,78,93,132
1976,16,56,79,78,93,132
1976,17,61,78,78,93,132
1976,18,72,78,78,93,132
1976,19,83,77,78,93,132
1976,20,89,77,78,93,132
1976,21,117,77,78,93,132
1976,22,117,77,78,93,132
1976,23,122,77,78,93,132
1977,0,133,123,120,115,131
1977,1,128,123,120,115,131
1977,2,122,122,120,115,131
1977,3,122,123,120,115,131
1977,4,122,123,120,115,131
1977,5,128,123,120,115,131
1977,6,128,123,120,115,131
1977,7,133,124,120,115,131
1977,8,133,124,120,115,131
1977,9,133,125,120,115,131
1977,10,128,125,120,115,131
1977,11,128,126,120,115,131
1977,12,128,126,120,115,131
1977,13,122,127,120,115,131
1977,14,122,127,120,115,131
1977,15,128,127,120,115,131
1977,16,128,128,120,115,131
1977,17,133,128,120,115,131
1977,18,122,129,120,115,131
1977,19,128,128,120,115,131
1977,20,133,128,120,115,131
1977,21,117,128,120,115,131
1977,22,122,127,120,115,131
1977,23,133,127,120,115,131
1978,0,89,83,75,83,135
1978,1,78,83,75,83,135
1978,2,70,82,75,83,135
1978,3,61,82,75,83,135
1978,4,50,81,74,83,135
1978,5,56,80,74,83,135
1978,6,50,80,74,82,135
1978,7,39,78,74,82,135
1978,8,39,76,74,82,135
1978,9,33,74,73,82,135
1978,10,56,73,73,82,135
1978,11,50,71,73,82,135
1978,12,50,70,73,82,135
1978,13,44,69,73,82,135
1978,14,33,67,73,82,135
1978,15,33,65,73,82,135
1978,16,44,64,73,82,135
1978,17,50,63,73,82,135
1978,18,56,62,73,81,135
1978,19,56,60,73,81,135
1978,20,61,58,72,81,135
1978,21,72,57,72,81,135
1978,22,72,56,72,81,135
1978,23,72,55,72,81,135
1979,0,89,61,87,104,136
1979,1,83,61,87,104,136
1979,2,78,62,87,104,136
1979,3,78,62,86,104,136
1979,4,83,63,86,104,136
1979,5,78,64,86,104,136
1979,6,78,65,86,104,136
1979,7,67,66,86,104,136
1979,8,67,67,86,104,136
1979,9,44,66,85,104,136
1979,10,50,67,85,104,136
1979,11,56,67,85,104,136
1979,12,56,68,85,104,136
1979,13,50,68,85,103,136
1979,14,44,68,85,103,136
1979,15,44,68,85,103,136
1979,16,44,68,85,103,136
1979,17,61,68,85,103,136
1979,18,72,69,84,103,136
1979,19,89,69,84,103,136
1979,20,100,70,84,103,136
1979,21,111,71,84,103,136
1979,22,111,72,84,103,136
1979,23,111,73,84,103,136
1980,0,161,103,108,105,133
1980,1,150,105,108,105,133
1980,2,150,107,108,105,133
1980,3,133,108,108,105,133
1980,4,122,108,108,105,133
1980,5,117,109,108,105,133
1980,6,111,109,108,105,133
1980,7,111,109,108,105,133
1980,8,106,109,108,105,133
1980,9,89,109,108,105,133
1980,10,89,109,108,105,133
1980,11,94,110,108,105,133
1980,12,89,110,107,105,133
1980,13,89,111,107,105,133
1980,14,78,111,107,105,133
1980,15,89,111,107,105,133
1980,16,89,111,107,105,133
1980,17,89,112,107,105,133
1980,18,100,112,106,105,133
1980,19,106,113,106,105,133
1980,20,111,113,106,105,133
1980,21,122,113,106,105,133
1980,22,128,112,106,105,133
1980,23,133,111,106,105,133
1981,0,111,87,105,111,136
1981,1,111,87,105,111,136
1981,2,111,88,105,111,136
1981,3,106,89,104,111,136
1981,4,106,89,104,111,136
1981,5,106,90,104,111,136
1981,6,117,92,104,111,136
1981,7,117,93,105,111,136
1981,8,106,94,105,111,136
1981,9,106,95,105,112,136
1981,10,106,97,105,112,136
1981,11,111,99,105,112,136
1981,12,117,101,105,112,136
1981,13,122,103,106,112,136
1981,14,111,105,106,112,136
1981,15,111,107,106,112,136
1981,16,106,108,106,112,136
1981,17,100,109,107,112,136
1981,18,117,110,107,112,136
1981,19,122,111,107,112,136
1981,20,128,112,107,112,136
1981,21,128,112,107,112,136
1981,22,128,113,107,112,136
1981,23,133,114,107,112,136
1982,0,122,89,88,100,128
1982,1,111,89,88,100,128
1982,2,100,89,88,100,128
1982,3,94,89,88,100,128
1982,4,94,89,88,100,128
1982,5,89,88,87,100,128
1982,6,78,88,87,100,128
1982,7,83,88,87,100,128
1982,8,67,87,87,100,128
1982,9,61,86,87,100,128
1982,10,78,87,87,100,128
1982,11,72,87,87,99,128
1982,12,67,87,86,99,128
1982,13,56,87,86,99,128
1982,14,56,87,86,99,128
1982,15,44,86,86,99,128
1982,16,67,86,85,99,128
1982,17,67,86,85,99,128
1982,18,83,86,85,99,128
1982,19,94,85,85,99,128
1982,20,100,85,84,99,128
1982,21,106,85,84,99,128
1982,22,117,85,84,99,128
1982,23,117,84,84,99,128
1983,0,144,117,115,116,142
1983,1,133,118,115,116,142
1983,2,128,118,115,116,142
1983,3,128,118,115,116,142
1983,4,128,118,116,116,142
1983,5,128,118,116,116,142
1983,6,122,118,116,116,142
1983,7,122,119,116,116,142
1983,8,122,120,116,116,142
1983,9,122,120,116,116,142
1983,10,122,121,117,116,142
1983,11,122,122,117,116,142
1983,12,122,122,117,116,142
1983,13,122,123,117,116,142
1983,14,122,124,117,116,142
1983,15,117,124,118,116,142
1983,16,117,125,118,116,142
1983,17,117,125,118,116,142
1983,18,122,125,118,117,142
1983,19,128,126,119,117,142
1983,20,144,126,119,117,142
1983,21,139,127,120,117,142
1983,22,139,127,120,117,142
1983,23,139,127,120,117,142
1984,0,106,73,61,89,141
1984,1,106,75,61,89,141
1984,2,83,75,61,89,141
1984,3,72,75,61,89,141
1984,4,83,76,61,89,141
1984,5,78,76,61,89,141
1984,6,72,75,61,89,141
1984,7,67,75,61,89,141
1984,8,56,75,61,89,141
1984,9,56,74,61,89,141
1984,10,50,74,61,88,141
1984,11,50,73,61,88,141
1984,12,50,72,61,88,141
1984,13,50,72,61,88,141
1984,14,50,72,61,88,141
1984,15,50,73,61,88,141
1984,16,50,72,62,88,141
1984,17,44,71,62,88,141
1984,18,44,69,61,88,141
1984,19,44,68,61,88,141
1984,20,50,66,61,88,141
1984,21,50,65,61,88,141
1984,22,50,63,60,88,141
1984,23,50,61,60,88,141
1985,0,72,57,65,86,131
1985,1,72,57,65,86,131
1985,2,67,57,65,85,131
1985,3,67,57,65,85,131
1985,4,67,57,65,85,131
1985,5,67,57,65,85,131
1985,6,67,57,65,85,131
1985,7,67,58,65,85,131
1985,8,67,59,65,85,131
1985,9,72,60,65,85,131
1985,10,67,60,65,85,131
1985,11,72,61,65,85,131
1985,12,67,62,65,85,131
1985,13,72,63,65,85,131
1985,14,72,63,65,85,131
1985,15,72,65,65,85,131
1985,16,67,66,66,85,131
1985,17,67,66,66,84,131
1985,18,67,67,66,84,131
1985,19,72,68,66,84,131
1985,20,72,69,65,84,131
1985,21,72,69,65,84,131
1985,22,72,70,65,84,131
1985,23,72,70,65,84,131
1986,0,94,74,91,101,139
1986,1,83,74,91,101,139
1986,2,78,73,90,101,139
1986,3,72,72,90,100,139
1986,4,72,72,90,100,139
1986,5,72,71,90,100,139
1986,6,72,71,90,100,139
1986,7,72,71,90,100,139
1986,8,72,71,90,100,139
1986,9,67,71,90,100,139
1986,10,67,72,90,100,139
1986,11,72,73,90,100,139
1986,12,78,74,90,100,139
1986,13,72,74,90,100,139
1986,14,78,75,90,100,139
1986,15,67,75,89,100,139
1986,16,72,76,89,100,139
1986,17,78,77,89,100,139
1986,18,89,78,89,100,139
1986,19,106,79,89,100,139
1986,20,111,80,89,100,139
1986,21,117,81,89,100,139
1986,22,122,83,89,100,139
1986,23,133,84,89,100,139
1987,0,100,96,83,109,142
1987,1,83,95,83,109,142
1987,2,83,95,83,109,142
1987,3,83,95,83,109,142
1987,4,78,94,83,108,142
1987,5,78,94,83,108,142
1987,6,78,93,83,108,142
1987,7,67,92,83,108,142
1987,8,67,91,82,108,142
1987,9,61,90,82,108,142
1987,10,56,88,82,108,142
1987,11,56,87,82,108,142
1987,12,56,86,81,108,142
1987,13,61,85,81,108,142
1987,14,61,83,81,108,142
1987,15,72,82,81,108,142
1987,16,72,82,81,108,142
1987,17,67,80,80,108,142
1987,18,72,79,80,108,142
1987,19,72,77,80,107,142
1987,20,72,75,79,107,142
1987,21,83,74,79,107,142
1987,22,89,74,79,107,142
1987,23,89,73,79,107,142
1988,0,67,62,76,107,141
1988,1,56,61,75,107,141
1988,2,50,60,75,107,141
1988,3,50,58,75,107,141
1988,4,39,56,74,107,141
1988,5,39,55,74,106,141
1988,6,33,53,74,106,141
1988,7,28,50,73,106,141
1988,8,22,48,73,106,141
1988,9,17,45,73,106,141
1988,10,22,43,72,106,141
1988,11,17,41,72,106,141
1988,12,11,40,71,106,141
1988,13,11,38,71,106,141
1988,14,17,37,70,105,141
1988,15,17,37,70,105,141
1988,16,22,36,69,105,141
1988,17,44,36,69,105,141
1988,18,61,37,69,105,141
1988,19,67,38,68,105,141
1988,20,83,40,68,105,141
1988,21,94,41,68,105,141
1988,22,100,43,68,104,141
1988,23,100,44,68,104,141
1989,0,122,104,83,98,135
1989,1,106,104,83,98,135
1989,2,100,103,83,98,135
1989,3,83,102,83,98,135
1989,4,83,100,83,98,135
1989,5,94,100,83,98,135
1989,6,89,99,83,98,135
1989,7,72,97,83,98,135
1989,8,100,96,83,98,135
1989,9,128,98,83,98,135
1989,10,122,98,84,98,135
1989,11,106,98,84,98,135
1989,12,111,99,84,98,135
1989,13,94,98,84,98,135
1989,14,111,99,85,98,135
1989,15,106,99,85,98,135
1989,16,117,100,85,99,135
1989,17,117,102,86,99,135
1989,18,139,104,86,99,135
1989,19,139,106,86,99,135
1989,20,150,109,87,99,135
1989,21,161,111,87,99,135
1989,22,167,114,88,99,136
1989,23,172,116,88,99,136
1990,0,106,86,41,81,138
1990,1,89,86,42,81,138
1990,2,83,86,42,81,138
1990,3,78,86,42,81,138
1990,4,78,86,43,81,138
1990,5,67,85,43,81,138
1990,6,61,84,44,81,138
1990,7,50,82,44,81,138
1990,8,50,82,44,81,138
1990,9,39,80,45,81,138
1990,10,33,78,45,81,138
1990,11,33,77,45,81,138
1990,12,22,75,46,81,138
1990,13,17,72,46,81,138
1990,14,17,70,46,80,138
1990,15,28,68,47,80,138
1990,16,28,66,47,80,138
1990,17,67,65,47,80,138
1990,18,83,65,48,80,138
1990,19,89,64,48,80,138
1990,20,94,64,49,80,138
1990,21,100,64,49,80,138
1990,22,106,64,50,80,138
1990,23,106,64,50,80,138
1991,0,111,111,101,103,135
1991,1,111,111,101,103,135
1991,2,117,111,101,103,135
1991,3,111,111,101,103,135
1991,4,106,111,101,103,135
1991,5,100,111,101,103,135
1991,6,100,111,101,103,135
1991,7,94,111,101,103,135
1991,8,94,110,101,103,135
1991,9,94,110,102,103,135
1991,10,94,110,102,103,135
1991,11,94,109,102,103,135
1991,12,94,108,102,103,135
1991,13,94,107,103,103,135
1991,14,94,107,103,103,135
1991,15,94,106,103,103,135
1991,16,94,106,104,103,135
1991,17,100,105,104,103,135
1991,18,106,103,104,103,135
1991,19,106,103,104,103,135
1991,20,106,103,104,103,135
1991,21,106,102,104,102,135
1991,22,106,102,104,102,135
1991,23,106,101,103,102,135
1992,0,94,102,79,100,147
1992,1,100,103,79,100,147
1992,2,94,103,79,100,147
1992,3,106,104,79,100,147
1992,4,106,105,79,100,147
1992,5,100,106,79,100,147
1992,6,106,107,80,100,147
1992,7,106,108,80,100,147
1992,8,106,108,80,100,147
1992,9,94,107,80,100,147
1992,10,106,106,80,100,147
1992,11,106,106,80,100,147
1992,12,67,105,80,100,147
1992,13,83,103,81,100,147
1992,14,94,102,81,100,147
1992,15,89,101,81,100,147
1992,16,94,100,81,100,147
1992,17,94,100,82,100,147
1992,18,100,99,82,100,147
1992,19,100,99,82,99,147
1992,20,111,99,82,99,147
1992,21,111,99,82,99,147
1992,22,89,98,81,99,147
1992,23,83,97,81,99,147
1993,0,128,104,77,100,144
1993,1,128,104,77,101,144
1993,2,117,104,77,101,144
1993,3,111,103,78,101,144
1993,4,100,103,78,100,144
1993,5,106,103,78,100,144
1993,6,94,103,79,100,144
1993,7,94,102,79,100,144
1993,8,78,101,79,100,144
1993,9,78,101,79,100,144
1993,10,72,100,79,100,144
1993,11,61,99,79,100,144
1993,12,61,98,80,100,144
1993,13,44,97,80,100,144
1993,14,61,96,80,100,144
1993,15,50,95,80,100,144
1993,16,61,94,80,99,144
1993,17,89,94,81,99,144
1993,18,106,94,81,99,144
1993,19,117,94,81,99,144
1993,20,111,94,82,99,144
1993,21,117,94,82,99,144
1993,22,133,94,82,99,144
1993,23,144,94,83,99,144
1994,0,111,95,86,91,132
1994,1,100,94,86,91,132
1994,2,94,94,86,91,132
1994,3,89,92,86,91,132
1994,4,89,91,86,91,132
1994,5,89,91,86,91,132
1994,6,78,91,87,91,132
1994,7,72,90,87,91,132
1994,8,61,89,87,91,132
1994,9,56,88,87,91,132
1994,10,50,87,87,91,132
1994,11,61,86,87,91,132
1994,12,44,85,86,91,132
1994,13,61,84,86,91,132
1994,14,50,84,87,91,132
1994,15,39,82,86,91,132
1994,16,39,81,86,91,132
1994,17,67,80,87,91,132
1994,18,83,79,87,91,132
1994,19,89,78,87,91,132
1994,20,94,77,87,91,132
1994,21,100,77,87,91,132
1994,22,106,76,87,91,132
1994,23,106,76,87,91,132
1995,0,122,110,101,119,139
1995,1,122,109,101,119,139
1995,2,122,109,101,119,139
1995,3,117,108,101,119,139
1995,4,111,107,102,119,139
1995,5,106,106,102,119,139
1995,6,111,106,102,119,139
1995,7,111,106,102,119,139
1995,8,111,106,102,119,139
1995,9,111,106,102,119,139
1995,10,111,106,102,119,139
1995,11,106,107,102,119,139
1995,12,106,107,103,119,139
1995,13,111,108,103,119,139
1995,14,106,109,103,119,139
1995,15,111,110,103,119,139
1995,16,111,111,103,119,139
1995,17,122,112,103,119,139
1995,18,122,113,104,119,139
1995,19,133,114,104,118,139
1995,20,122,115,104,118,139
1995,21,122,116,104,118,139
1995,22,144,117,104,118,139
1995,23,144,117,104,118,139
1996,0,139,130,110,119,142
1996,1,133,130,110,119,142
1996,2,133,130,111,119,142
1996,3,128,130,111,119,142
1996,4,128,130,111,119,142
1996,5,128,130,111,119,142
1996,6,128,130,111,119,142
1996,7,139,131,112,119,142
1996,8,144,132,112,119,142
1996,9,144,133,112,119,142
1996,10,144,133,112,119,142
1996,11,144,134,113,119,142
1996,12,150,136,113,119,142
1996,13,139,136,113,119,142
1996,14,133,137,114,119,142
1996,15,133,137,114,119,142
1996,16,139,138,114,120,142
1996,17,150,139,114,120,142
1996,18,161,140,114,120,142
1996,19,156,141,115,120,142
1996,20,161,141,115,120,142
1996,21,150,141,115,120,142
1996,22,156,142,115,120,142
1996,23,150,142,115,120,142
1997,0,139,87,91,107,147
1997,1,133,88,91,107,147
1997,2,128,89,92,107,147
1997,3,133,92,92,107,147
1997,4,111,93,92,107,147
1997,5,117,95,92,107,147
1997,6,111,96,92,107,147
1997,7,117,98,92,107,147
1997,8,89,99,92,107,147
1997,9,94,100,92,107,147
1997,10,89,101,92,107,147
1997,11,94,103,92,107,147
1997,12,83,104,92,107,147
1997,13,89,106,92,107,147
1997,14,94,108,92,107,147
1997,15,72,109,91,107,147
1997,16,83,110,91,107,147
1997,17,89,110,91,107,147
1997,18,100,110,91,107,147
1997,19,117,109,92,107,147
1997,20,122,108,92,107,147
1997,21,128,108,92,107,147
1997,22,133,108,92,107,147
1997,23,144,109,92,107,147
1998,0,72,65,52,88,135
1998,1,61,64,52,88,135
1998,2,61,64,52,88,135
1998,3,56,64,52,88,135
1998,4,61,64,52,88,135
1998,5,61,64,53,88,135
1998,6,61,65,53,88,135
1998,7,56,65,53,88,135
1998,8,50,65,53,88,135
1998,9,50,65,54,88,135
1998,10,56,65,54,88,135
1998,11,61,65,54,88,135
1998,12,61,65,54,88,135
1998,13,61,65,54,87,135
1998,14,61,66,54,87,135
1998,15,61,66,54,87,135
1998,16,61,66,55,87,135
1998,17,72,66,55,87,135
1998,18,72,66,55,87,135
1998,19,78,66,55,87,135
1998,20,78,66,56,87,135
1998,21,89,66,56,87,135
1998,22,94,66,56,87,135
1998,23,94,66,56,87,135
1999,0,133,99,107,110,131
1999,1,133,99,107,110,131
1999,2,133,99,107,110,131
1999,3,122,99,107,110,131
1999,4,106,98,107,109,131
1999,5,106,99,106,109,131
1999,6,106,99,106,109,131
1999,7,100,99,106,109,131
1999,8,89,99,105,109,131
1999,9,78,99,105,109,131
1999,10,100,100,105,109,131
1999,11,56,100,104,109,131
1999,12,61,100,104,109,131
1999,13,50,100,104,109,131
1999,14,50,100,103,109,131
1999,15,67,100,103,109,131
1999,16,78,100,103,109,131
1999,17,94,100,102,109,131
1999,18,106,100,102,109,131
1999,19,117,100,102,109,131
1999,20,122,100,102,109,131
1999,21,128,100,101,109,131
1999,22,128,100,101,108,131
1999,23,133,100,101,108,131
2000,0,128,95,103,111,139
2000,1,122,95,103,111,139
2000,2,128,95,103,111,139
2000,3,117,95,103,111,139
2000,4,111,96,103,111,139
2000,5,106,96,103,111,139
2000,6,94,96,102,111,139
2000,7,83,96,102,111,139
2000,8,89,96,102,111,139
2000,9,89,97,102,111,139
2000,10,72,97,101,111,139
2000,11,72,98,101,111,139
2000,12,56,98,101,111,139
2000,13,56,98,100,111,139
2000,14,61,98,100,111,139
2000,15,67,98,100,110,139
2000,16,56,98,100,110,139
2000,17,89,98,100,110,139
2000,18,100,98,99,110,139
2000,19,111,98,99,110,139
2000,20,117,98,99,110,139
2000,21,122,97,99,110,139
2000,22,128,97,99,110,139
2000,23,128,96,99,110,139
2001,0,117,121,108,109,137
2001,1,117,120,108,109,137
2001,2,117,119,108,109,137
2001,3,111,119,108,109,137
2001,4,111,119,108,109,137
2001,5,111,118,109,109,137
2001,6,111,117,109,109,137
2001,7,106,116,109,109,137
2001,8,106,115,109,109,137
2001,9,100,114,109,109,137
2001,10,100,113,109,109,137
2001,11,100,112,109,109,137
2001,12,106,111,109,109,137
2001,13,106,111,109,109,137
2001,14,106,111,109,109,137
2001,15,106,110,109,108,137
2001,16,106,110,109,108,137
2001,17,111,110,109,108,137
2001,18,111,110,109,108,137
2001,19,111,110,109,108,137
2001,20,117,110,109,108,137
2001,21,117,110,109,108,137
2001,22,117,110,109,108,137
2001,23,117,110,109,108,137
2002,0,89,135,106,117,138
2002,1,100,133,106,117,138
2002,2,94,131,106,117,138
2002,3,94,128,106,117,138
2002,4,106,127,106,117,138
2002,5,111,125,106,117,138
2002,6,111,123,106,117,138
2002,7,111,121,106,117,138
2002,8,111,120,106,117,138
2002,9,106,118,106,117,138
2002,10,94,117,107,117,138
2002,11,100,115,107,117,138
2002,12,100,114,107,117,138
2002,13,100,112,107,117,138
2002,14,100,111,108,117,138
2002,15,106,109,108,117,138
2002,16,106,108,108,117,138
2002,17,111,107,108,117,138
2002,18,117,106,108,117,138
2002,19,122,105,109,117,138
2002,20,128,104,109,117,138
2002,21,128,105,109,117,138
2002,22,122,106,109,117,138
2002,23,122,108,109,117,138
2003,0,89,64,101,112,142
2003,1,100,64,101,112,142
2003,2,94,65,100,112,142
2003,3,89,65,100,112,142
2003,4,89,66,100,112,142
2003,5,89,66,100,112,142
2003,6,94,68,100,112,142
2003,7,94,69,100,112,142
2003,8,89,71,100,112,142
2003,9,94,73,100,112,142
2003,10,100,75,100,112,142
2003,11,100,77,100,112,142
2003,12,94,80,100,112,142
2003,13,89,82,99,112,142
2003,14,89,84,99,112,142
2003,15,100,86,100,112,142
2003,16,100,88,100,112,142
2003,17,122,91,100,112,142
2003,18,122,93,100,112,142
2003,19,122,95,100,112,142
2003,20,128,98,100,112,142
2003,21,128,99,100,112,142
2003,22,133,102,100,112,142
2003,23,139,104,100,112,142
2004,0,100,96,108,111,145
2004,1,106,97,108,111,145
2004,2,106,98,108,111,145
2004,3,106,98,108,111,145
2004,4,106,99,108,111,145
2004,5,94,99,108,111,145
2004,6,94,100,108,110,145
2004,7,111,100,108,110,145
2004,8,100,101,108,110,145
2004,9,100,102,108,110,145
2004,10,94,102,108,110,145
2004,11,94,102,107,110,145
2004,12,94,102,107,110,145
2004,13,94,102,107,110,145
2004,14,94,102,107,110,145
2004,15,94,101,107,110,145
2004,16,94,101,107,111,145
2004,17,100,101,107,111,145
2004,18,111,101,107,111,145
2004,19,122,102,107,111,145
2004,20,128,103,106,111,145
2004,21,133,104,106,111,145
2004,22,128,105,106,111,145
2004,23,122,105,106,111,145
2005,0,144,156,146,118,142
2005,1,136,155,146,118,142
2005,2,128,153,145,118,142
2005,3,125,152,145,118,142
2005,4,120,150,145,118,142
2005,5,111,148,144,118,142
2005,6,111,147,144,118,142
2005,7,114,145,144,118,142
2005,8,116,144,144,118,142
2005,9,111,142,143,118,142
2005,10,103,140,143,118,142
2005,11,113,138,143,118,142
2005,12,117,137,143,118,142
2005,13,111,135,142,118,142
2005,14,98,132,142,118,142
2005,15,94,129,142,118,142
2005,16,103,127,141,118,142
2005,17,108,125,141,118,142
2005,18,111,123,140,118,142
2005,19,117,122,140,118,142
2005,20,117,120,140,118,142
2005,21,117,118,140,118,142
2005,22,117,116,139,118,142
2005,23,118,115,139,118,142
2006,0,139,103,102,103,137
2006,1,106,103,102,103,137
2006,2,103,103,102,103,137
2006,3,100,103,102,103,137
2006,4,83,102,102,103,137
2006,5,72,101,102,103,137
2006,6,72,100,101,103,137
2006,7,72,100,101,103,137
2006,8,64,99,101,103,137
2006,9,50,97,101,103,137
2006,10,56,96,101,103,137
2006,11,50,94,101,103,137
2006,12,33,92,100,103,137
2006,13,50,90,100,103,137
2006,14,61,89,100,103,137
2006,15,56,87,100,103,137
2006,16,64,86,100,103,137
2006,17,86,85,100,103,137
2006,18,94,85,100,103,137
2006,19,97,84,100,103,137
2006,20,106,84,100,103,137
2006,21,114,83,100,103,137
2006,22,114,82,100,103,137
2006,23,108,81,100,103,137
2007,0,72,69,85,99,135
2007,1,78,69,84,99,135
2007,2,78,68,84,98,135
2007,3,78,68,84,98,135
2007,4,78,68,84,98,135
2007,5,75,69,84,98,135
2007,6,72,69,85,98,135
2007,7,72,69,85,98,135
2007,8,71,70,85,98,135
2007,9,71,70,85,98,135
2007,10,71,71,85,98,135
2007,11,75,72,85,98,135
2007,12,78,73,86,98,135
2007,13,78,73,86,98,135
2007,14,79,74,86,98,135
2007,15,78,74,86,98,135
2007,16,80,75,87,98,135
2007,17,83,75,87,98,135
2007,18,83,76,87,98,135
2007,19,89,76,87,98,135
2007,20,90,77,87,98,135
2007,21,95,78,87,98,135
2007,22,97,79,87,98,135
2007,23,100,80,87,98,135
2008,0,133,99,90,99,135
2008,1,120,100,90,99,135
2008,2,114,101,91,99,135
2008,3,111,101,91,99,135
2008,4,98,101,91,99,135
2008,5,92,101,91,99,135
2008,6,94,101,91,99,135
2008,7,92,100,91,99,135
2008,8,86,100,90,99,135
2008,9,80,99,90,99,135
2008,10,79,99,90,99,135
2008,11,78,99,90,99,135
2008,12,72,98,90,99,135
2008,13,78,98,90,99,135
2008,14,84,98,90,99,135
2008,15,89,98,90,99,135
2008,16,92,99,90,99,135
2008,17,97,99,90,98,135
2008,18,100,99,90,98,135
2008,19,108,99,90,98,135
2008,20,111,99,90,98,135
2008,21,111,98,90,98,135
2008,22,125,99,91,98,135
2008,23,136,99,91,98,135
2009,0,100,99,95,98,138
2009,1,100,99,94,98,138
2009,2,97,99,94,98,138
2009,3,94,98,94,98,138
2009,4,86,98,94,97,138
2009,5,78,97,94,97,138
2009,6,75,96,94,97,138
2009,7,70,95,94,97,138
2009,8,62,93,94,97,138
2009,9,53,91,93,97,138
2009,10,56,89,93,97,138
2009,11,50,88,93,97,138
2009,12,42,85,93,96,138
2009,13,42,83,93,96,138
2009,14,48,82,92,96,138
2009,15,58,80,92,96,138
2009,16,64,79,92,96,138
2009,17,72,78,92,96,138
2009,18,78,77,92,96,138
2009,19,80,76,92,96,138
2009,20,89,75,91,95,138
2009,21,94,75,91,95,138
2009,22,97,74,91,95,138
2009,23,100,74,91,95,138
2010,0,110,107,106,112,142
2010,1,110,107,106,112,142
2010,2,111,107,106,112,142
2010,3,118,107,106,112,142
2010,4,122,107,106,112,142
2010,5,130,108,106,112,142
2010,6,132,109,106,112,142
2010,7,136,110,106,112,142
2010,8,140,112,106,112,142
2010,9,140,113,106,112,142
2010,10,139,115,106,112,142
2010,11,140,117,107,113,142
2010,12,139,118,107,113,142
2010,13,122,119,107,113,142
2010,14,103,119,107,113,142
2010,15,100,119,107,113,142
2010,16,100,119,107,113,142
2010,17,103,119,107,113,142
2010,18,106,119,106,113,142
2010,19,106,119,106,113,142
2010,20,106,119,106,113,142
2010,21,106,119,106,113,142
2010,22,103,118,106,113,142
2010,23,100,118,106,113,142
2011,0,142,93,84,96,133
2011,1,132,94,84,96,133
2011,2,118,95,84,96,133
2011,3,118,96,84,96,133
2011,4,120,97,84,96,133
2011,5,117,98,85,96,133
2011,6,117,100,85,96,133
2011,7,111,101,85,96,133
2011,8,106,102,85,96,133
2011,9,100,103,85,96,133
2011,10,94,104,85,96,133
2011,11,92,105,85,96,133
2011,12,90,106,85,96,133
2011,13,86,107,85,96,133
2011,14,83,107,85,96,133
2011,15,82,107,85,96,133
2011,16,80,107,85,96,133
2011,17,86,107,85,96,133
2011,18,94,107,84,96,133
2011,19,102,106,84,96,133
2011,20,114,107,84,96,133
2011,21,124,107,84,96,133
2011,22,130,107,84,96,133
2011,23,133,107,84,96,133
2012,0,100,84,108,118,136
2012,1,97,83,108,118,136
2012,2,100,83,108,118,136
2012,3,100,83,108,118,136
2012,4,97,83,107,118,136
2012,5,92,83,107,118,136
2012,6,89,83,107,118,136
2012,7,83,83,107,118,136
2012,8,82,83,106,118,136
2012,9,78,83,106,118,136
2012,10,78,83,106,118,136
2012,11,78,83,105,117,136
2012,12,78,84,105,117,136
2012,13,78,85,105,117,136
2012,14,78,85,104,117,136
2012,15,80,86,104,117,136
2012,16,83,87,104,117,136
2012,17,86,87,104,117,136
2012,18,89,88,104,117,136
2012,19,94,88,104,117,136
2012,20,100,89,103,117,136
2012,21,108,89,103,117,136
2012,22,116,90,103,117,136
2012,23,120,91,103,116,136
2013,0,167,104,110,100,137
2013,1,144,104,110,100,137
2013,2,128,105,110,100,137
2013,3,120,105,110,100,137
2013,4,117,105,110,100,137
2013,5,108,104,110,100,137
2013,6,100,104,110,100,137
2013,7,97,104,111,100,137
2013,8,97,103,111,100,137
2013,9,84,104,111,100,137
2013,10,72,104,111,100,137
2013,11,72,104,111,100,137
2013,12,67,104,111,100,137
2013,13,108,107,111,100,137
2013,14,103,108,111,100,137
2013,15,111,110,111,100,137
2013,16,130,112,111,100,137
2013,17,148,114,112,100,137
2013,18,156,116,112,100,137
2013,19,164,118,112,100,137
2013,20,175,121,112,100,137
2013,21,186,123,113,100,137
2013,22,192,125,113,100,137
2013,23,189,126,113,100,137
2014,0,139,98,125,141,160
2014,1,125,99,124,141,160
2014,2,122,99,124,141,160
2014,3,125,100,124,141,160
2014,4,125,101,124,141,160
2014,5,122,102,124,141,160
2014,6,122,103,123,141,160
2014,7,120,105,123,141,160
2014,8,117,106,123,141,160
2014,9,106,106,123,141,160
2014,10,97,107,122,141,160
2014,11,103,108,122,141,160
2014,12,94,108,122,141,160
2014,13,80,109,122,141,160
2014,14,84,109,121,140,160
2014,15,84,110,121,140,160
2014,16,97,111,121,140,160
2014,17,105,111,121,140,160
2014,18,111,112,121,140,160
2014,19,108,112,121,140,160
2014,20,114,112,120,140,160
2014,21,122,112,120,140,160
2014,22,128,112,120,140,160
2014,23,125,111,120,140,160
2015,0,89,68,92,106,152
2015,1,80,68,91,106,152
2015,2,75,68,91,106,152
2015,3,72,68,90,105,152
2015,4,75,68,90,105,152
2015,5,75,68,90,105,152
2015,6,72,68,89,105,152
2015,7,56,68,89,105,152
2015,8,64,68,88,105,151
2015,9,58,68,88,105,151
2015,10,44,67,87,105,151
2015,11,36,66,86,105,151
2015,12,28,64,86,105,151
2015,13,30,63,85,105,151
2015,14,34,62,84,105,151
2015,15,42,62,84,105,151
2015,16,50,62,83,105,151
2015,17,64,62,83,105,151
2015,18,72,62,82,105,151
2015,19,89,63,82,105,151
2015,20,100,65,82,105,151
2015,21,106,66,81,105,151
2015,22,108,67,81,105,151
2015,23,111,68,81,105,151
2016,0,122,92,89,107,148
2016,1,122,92,89,107,148
2016,2,125,93,89,107,148
2016,3,116,94,89,107,148
2016,4,106,94,89,107,148
2016,5,97,94,89,107,148
2016,6,94,95,89,107,148
2016,7,92,96,89,107,148
2016,8,86,97,89,107,148
2016,9,72,97,88,107,148
2016,10,67,97,88,107,148
2016,11,58,96,88,107,148
2016,12,50,94,88,107,148
2016,13,72,95,88,107,148
2016,14,64,95,88,107,148
2016,15,70,96,88,107,148
2016,16,89,97,88,107,148
2016,17,102,97,88,107,148
2016,18,111,98,88,107,148
2016,19,120,98,88,107,148
2016,20,128,98,88,107,148
2016,21,133,98,88,107,148
2016,22,136,98,88,107,148
2016,23,136,99,88,106,148
2017,0,139,104,98,115,149
2017,1,128,104,98,115,149
2017,2,122,103,98,115,149
2017,3,122,104,98,115,149
2017,4,120,104,98,115,149
2017,5,117,104,99,114,149
2017,6,117,105,99,114,149
2017,7,108,105,99,114,149
2017,8,102,105,99,114,149
2017,9,92,105,99,114,149
2017,10,80,105,100,114,149
2017,11,72,106,100,114,149
2017,12,72,106,100,114,149
2017,13,72,106,100,114,149
2017,14,78,106,100,114,149
2017,15,80,106,100,114,149
2017,16,86,106,101,114,149
2017,17,100,106,101,114,149
2017,18,111,106,101,114,149
2017,19,130,107,101,114,149
2017,20,128,107,101,114,149
2017,21,130,107,102,114,149
2017,22,133,107,102,114,149
2017,23,133,107,102,114,149
2018,0,133,120,117,118,145
2018,1,120,120,117,118,145
2018,2,111,119,117,118,145
2018,3,100,118,117,117,145
2018,4,97,116,116,117,145
2018,5,92,115,116,117,145
2018,6,83,113,116,117,145
2018,7,78,112,116,117,145
2018,8,78,110,116,117,145
2018,9,70,108,116,117,145
2018,10,58,106,115,117,145
2018,11,56,103,115,117,145
2018,12,56,101,115,117,145
2018,13,64,99,115,116,145
2018,14,64,97,115,116,145
2018,15,64,96,115,116,145
2018,16,75,94,115,116,145
2018,17,92,94,115,116,145
2018,18,100,93,114,116,145
2018,19,111,93,114,116,145
2018,20,122,93,114,116,145
2018,21,136,93,114,116,145
2018,22,138,93,114,116,145
2018,23,133,93,114,116,145
2019,0,133,95,102,118,148
2019,1,114,95,102,118,148
2019,2,114,94,102,118,148
2019,3,116,94,101,118,148
2019,4,120,95,101,118,148
2019,5,111,95,101,119,148
2019,6,106,95,101,119,148
2019,7,116,96,101,119,148
2019,8,118,98,101,119,148
2019,9,117,100,101,119,148
2019,10,108,102,101,119,148
2019,11,106,103,101,119,148
2019,12,117,106,101,119,148
2019,13,114,108,101,119,148
2019,14,114,111,101,119,148
2019,15,117,113,101,119,148
2019,16,117,115,101,119,148
2019,17,122,116,101,119,148
2019,18,133,118,101,119,148
2019,19,116,118,101,119,148
2019,20,128,119,101,119,148
2019,21,125,119,101,119,148
2019,22,114,118,101,119,148
2019,23,114,117,101,119,148
2020,0,133,112,114,116,149
2020,1,120,112,114,116,149
2020,2,114,112,114,116,149
2020,3,106,111,114,116,149
2020,4,100,111,114,116,149
2020,5,94,110,114,116,149
2020,6,89,109,114,116,149
2020,7,89,108,114,116,149
2020,8,84,107,113,116,149
2020,9,80,106,113,116,149
2020,10,72,105,113,116,149
2020,11,61,103,113,116,149
2020,12,61,102,112,116,149
2020,13,62,100,112,116,149
2020,14,53,98,112,116,149
2020,15,56,96,112,116,149
2020,16,75,95,111,116,149
2020,17,103,94,111,116,149
2020,18,117,95,111,116,149
2020,19,125,96,111,116,149
2020,20,139,96,111,116,149
2020,21,150,98,111,116,149
2020,22,156,99,111,116,149
2020,23,156,100,111,116,149
2021,0,89,77,102,109,146
2021,1,89,78,102,109,146
2021,2,89,78,102,109,146
2021,3,90,78,102,109,146
2021,4,89,79,102,109,146
2021,5,86,79,102,108,146
2021,6,83,79,101,108,146
2021,7,89,80,102,108,146
2021,8,83,80,101,108,146
2021,9,83,81,101,108,146
2021,10,83,81,101,108,146
2021,11,83,81,101,108,146
2021,12,83,81,101,108,146
2021,13,83,82,101,108,146
2021,14,90,82,101,108,146
2021,15,89,83,101,108,146
2021,16,90,84,101,108,146
2021,17,97,85,101,108,146
2021,18,100,86,101,108,146
2021,19,100,87,101,108,146
2021,20,100,88,101,108,146
2021,21,100,89,101,107,146
2021,22,86,89,101,107,146
2021,23,80,89,101,107,146
2022,0,122,106,112,98,143
2022,1,117,106,112,98,143
2022,2,114,105,112,98,143
2022,3,108,104,112,98,143
2022,4,106,104,112,98,143
2022,5,106,104,112,98,143
2022,6,106,103,112,98,143
2022,7,106,103,112,98,143
2022,8,103,104,112,98,143
2022,9,100,104,112,98,143
2022,10,100,105,112,98,143
2022,11,97,106,112,98,143
2022,12,94,106,112,98,143
2022,13,92,107,112,98,143
2022,14,94,107,112,98,143
2022,15,94,107,112,99,143
2022,16,94,107,112,99,143
2022,17,97,107,112,99,143
2022,18,100,106,112,99,143
2022,19,103,106,112,98,143
2022,20,106,105,112,98,143
2022,21,108,105,112,98,143
2022,22,111,104,112,98,143
2022,23,111,104,112,98,143
2023,0,150,143,125,132,148
2023,1,144,143,125,132,148
2023,2,144,143,125,132,148
2023,3,150,143,125,132,148
2023,4,147,143,125,132,148
2023,5,147,144,125,132,148
2023,6,144,144,125,132,148
2023,7,144,144,125,132,148
2023,8,147,144,125,132,148
2023,9,150,145,126,132,148
2023,10,144,145,126,132,148
2023,11,144,145,126,132,148
2023,12,144,145,126,132,148
2023,13,161,146,126,132,148
2023,14,161,147,126,132,148
2023,15,156,148,127,132,148
2023,16,156,149,127,132,148
2023,17,164,150,127,132,148
2023,18,167,151,127,133,148
2023,19,180,152,127,133,148
2023,20,175,154,127,133,148
2023,21,167,154,127,133,148
2023,22,167,154,127,133,148
2023,23,148,154,127,133,148
2024,0,167,148,134,,144
2024,1,161,149,134,,144
2024,2,161,150,135,,144
2024,3,161,151,135,,144
2024,4,161,152,135,,144
2024,5,158,153,135,,144
2024,6,156,154,135,,144
2024,7,158,154,136,,144
2024,8,158,155,136,,144
2024,9,156,156,136,,144
2024,10,156,157,136,,144
2024,11,158,158,136,,144
2024,12,156,159,137,,144
2024,13,153,159,137,,144
2024,14,156,160,137,,144
2024,15,156,161,137,,144
2024,16,150,161,137,,144
2024,17,150,161,137,,144
2024,18,150,160,138,,144
2024,19,158,160,138,,144
2024,20,158,159,138,,144
2024,21,161,159,138,,144
2024,22,156,158,138,,144
2024,23,150,157,138,,144
