year,hour,obs,D1,D7,D30,D365
1946,0,257,230,,,
1946,1,263,231,,,
1946,2,274,231,,,
1946,3,280,233,,,
1946,4,268,233,,,
1946,5,285,234,,,
1946,6,285,236,,,
1946,7,291,238,,,
1946,8,285,240,,,
1946,9,268,241,,,
1946,10,252,242,,,
1946,11,252,244,,,
1946,12,246,245,,,
1946,13,246,246,,,
1946,14,246,247,,,
1946,15,241,248,,,
1946,16,241,249,,,
1946,17,241,250,,,
1946,18,235,252,,,
1946,19,230,253,,,
1946,20,230,254,,,
1946,21,235,255,,,
1946,22,235,255,,,
1946,23,235,255,,,
1947,0,268,242,231,255,
1947,1,280,245,231,255,
1947,2,280,247,231,255,
1947,3,268,249,231,255,
1947,4,268,250,231,255,
1947,5,263,252,230,255,
1947,6,257,252,230,255,
1947,7,257,253,230,255,
1947,8,246,253,229,255,
1947,9,246,254,229,255,
1947,10,230,254,229,255,
1947,11,230,253,229,255,
1947,12,218,253,229,255,
1947,13,218,252,228,255,
1947,14,224,251,228,255,
1947,15,230,251,228,255,
1947,16,235,250,228,255,
1947,17,235,249,227,255,
1947,18,235,248,227,255,
1947,19,246,248,227,255,
1947,20,252,248,227,255,
1947,21,235,248,227,255,
1947,22,235,247,227,255,
1947,23,246,246,227,255,
1948,0,235,247,260,253,157
1948,1,252,247,260,253,157
1948,2,263,247,260,253,157
1948,3,274,248,260,253,157
1948,4,280,248,260,253,157
1948,5,280,249,260,253,157
1948,6,285,249,261,253,157
1948,7,268,249,261,253,157
1948,8,268,249,261,253,157
1948,9,263,249,261,253,157
1948,10,263,249,261,253,157
1948,11,263,250,261,253,157
1948,12,263,251,261,253,157
1948,13,257,251,261,253,157
1948,14,263,252,261,253,157
1948,15,263,253,261,253,157
1948,16,263,254,261,253,157
1948,17,263,255,261,253,157
1948,18,241,256,261,253,157
1948,19,235,256,261,253,157
1948,20,252,257,261,253,157
1948,21,241,258,261,253,157
1948,22,235,258,261,253,157
1948,23,241,259,260,253,157
1949,0,218,203,219,247,154
1949,1,224,204,219,247,154
1949,2,230,205,219,247,154
1949,3,235,206,219,247,154
1949,4,235,206,218,247,154
1949,5,241,206,218,247,154
1949,6,235,206,218,247,154
1949,7,241,207,218,247,154
1949,8,235,207,218,247,154
1949,9,230,208,217,247,154
1949,10,218,208,217,247,154
1949,11,213,209,217,247,154
1949,12,213,209,217,246,154
1949,13,207,209,216,246,154
1949,14,202,210,216,246,154
1949,15,202,210,216,246,154
1949,16,196,211,216,246,154
1949,17,191,211,215,246,154
1949,18,185,212,215,246,154
1949,19,169,211,215,246,154
1949,20,169,210,215,246,154
1949,21,169,210,214,246,154
1949,22,169,210,214,246,154
1949,23,191,209,213,246,154
1950,0,296,278,271,268,158
1950,1,302,279,271,268,158
1950,2,318,279,271,268,158
1950,3,318,280,272,268,158
1950,4,313,280,272,268,158
1950,5,307,280,272,268,158
1950,6,302,280,272,268,158
1950,7,302,280,273,268,158
1950,8,296,281,273,268,158
1950,9,285,281,273,268,158
1950,10,280,281,273,268,158
1950,11,274,281,273,268,159
1950,12,268,281,274,268,159
1950,13,268,281,274,268,159
1950,14,268,282,274,268,159
1950,15,268,282,274,268,159
1950,16,263,282,274,268,159
1950,17,263,282,274,268,159
1950,18,257,282,274,268,159
1950,19,257,282,274,268,159
1950,20,257,282,275,268,159
1950,21,257,282,275,268,159
1950,22,268,282,275,268,159
1950,23,285,282,275,268,159
1951,0,185,225,224,256,
1951,1,185,223,224,256,
1951,2,191,221,224,256,
1951,3,196,219,223,256,
1951,4,196,217,223,256,
1951,5,196,215,222,256,
1951,6,207,213,222,255,
1951,7,207,211,222,255,
1951,8,207,210,221,255,
1951,9,196,208,221,255,
1951,10,196,206,221,255,
1951,11,196,204,220,255,
1951,12,196,203,220,255,
1951,13,196,201,220,255,
1951,14,191,200,220,255,
1951,15,196,199,219,254,
1951,16,196,197,219,254,
1951,17,196,197,219,254,
1951,18,196,196,219,254,
1951,19,196,195,219,254,
1951,20,196,195,218,254,
1951,21,196,195,218,254,
1951,22,196,195,218,254,
1951,23,196,196,218,254,
1952,0,213,225,246,268,155
1952,1,213,223,245,268,155
1952,2,218,222,245,268,155
1952,3,218,221,245,267,155
1952,4,224,219,245,267,155
1952,5,224,217,245,267,155
1952,6,224,217,245,267,155
1952,7,218,216,245,267,155
1952,8,218,215,244,267,155
1952,9,218,215,244,267,155
1952,10,218,215,244,267,155
1952,11,218,215,244,267,155
1952,12,218,214,244,267,155
1952,13,213,214,244,267,155
1952,14,213,214,244,267,155
1952,15,213,214,244,266,155
1952,16,213,214,244,266,155
1952,17,213,214,244,266,155
1952,18,213,215,244,266,155
1952,19,213,215,243,266,155
1952,20,213,215,243,266,155
1952,21,213,216,243,266,155
1952,22,213,216,243,266,155
1952,23,218,216,243,266,155
1953,0,252,218,233,236,152
1953,1,291,221,233,236,152
1953,2,285,223,234,236,152
1953,3,302,227,234,236,152
1953,4,307,231,234,236,152
1953,5,302,234,234,236,152
1953,6,313,237,235,236,152
1953,7,257,239,235,236,153
1953,8,241,240,235,236,153
1953,9,235,240,235,236,153
1953,10,230,241,235,236,153
1953,11,224,241,234,236,153
1953,12,230,242,234,236,153
1953,13,224,242,234,236,153
1953,14,224,243,235,236,153
1953,15,213,243,235,236,153
1953,16,213,243,235,236,153
1953,17,207,243,235,235,153
1953,18,207,243,235,235,153
1953,19,213,243,235,235,153
1953,20,207,243,235,235,153
1953,21,207,243,235,235,153
1953,22,207,243,235,235,153
1953,23,207,242,235,235,153
1954,0,291,280,275,264,155
1954,1,302,280,275,264,155
1954,2,307,280,275,264,155
1954,3,313,281,275,264,155
1954,4,313,281,275,264,155
1954,5,307,281,275,264,155
1954,6,302,282,275,264,155
1954,7,296,282,275,264,155
1954,8,285,281,275,264,155
1954,9,274,281,275,264,155
1954,10,268,281,275,264,155
1954,11,268,280,275,264,155
1954,12,263,280,275,264,155
1954,13,268,280,275,264,155
1954,14,257,279,275,264,155
1954,15,257,279,275,264,155
1954,16,257,278,275,264,155
1954,17,257,278,275,264,155
1954,18,257,278,275,264,155
1954,19,252,277,275,264,155
1954,20,252,277,275,264,156
1954,21,257,277,275,264,156
1954,22,268,277,276,264,156
1954,23,280,277,276,264,156
1955,0,,,,,
1955,1,,,,,
1955,2,,,,,
1955,3,,,,,
1955,4,,,,,
1955,5,,,,,
1955,6,,,,,
1955,7,,,,,
1955,8,,,,,
1955,9,,,,,
1955,10,,,,,
1955,11,,,,,
1955,12,,,,,
1955,13,,,,,
1955,14,,,,,
1955,15,,,,,
1955,16,,,,,
1955,17,,,,,
1955,18,,,,,
1955,19,,,,,
1955,20,,,,,
1955,21,,,,,
1955,22,,,,,
1955,23,,,,,
1956,0,207,209,246,244,
1956,1,213,209,245,244,
1956,2,230,210,245,243,
1956,3,235,210,244,243,
1956,4,246,211,244,243,
1956,5,246,212,244,243,
1956,6,235,213,244,243,
1956,7,230,213,243,243,
1956,8,230,213,243,243,
1956,9,230,214,243,243,
1956,10,230,214,243,243,
1956,11,224,214,242,243,
1956,12,218,215,242,243,
1956,13,218,215,242,243,
1956,14,213,215,242,242,
1956,15,213,216,241,242,
1956,16,213,217,241,242,
1956,17,213,218,241,242,
1956,18,207,218,241,242,
1956,19,207,218,240,242,
1956,20,202,219,240,242,
1956,21,207,220,240,242,
1956,22,213,220,239,242,
1956,23,207,220,239,242,
1957,0,213,221,219,247,149
1957,1,218,221,219,247,149
1957,2,230,222,219,247,149
1957,3,235,222,219,247,149
1957,4,241,222,218,247,149
1957,5,246,222,218,247,149
1957,6,252,222,218,247,149
1957,7,252,222,218,247,149
1957,8,241,222,218,247,149
1957,9,230,222,218,247,149
1957,10,230,222,218,247,149
1957,11,230,222,217,247,149
1957,12,224,223,217,247,149
1957,13,224,223,217,247,149
1957,14,213,223,217,247,149
1957,15,207,222,217,247,149
1957,16,207,222,216,247,149
1957,17,207,222,216,246,149
1957,18,202,222,216,246,149
1957,19,196,221,216,246,149
1957,20,191,221,216,246,149
1957,21,196,221,215,246,149
1957,22,196,220,215,246,149
1957,23,196,220,215,246,149
1958,0,246,249,255,254,156
1958,1,257,249,255,254,156
1958,2,274,249,255,254,156
1958,3,285,250,255,254,156
1958,4,285,250,256,254,156
1958,5,285,251,256,254,156
1958,6,285,251,256,254,156
1958,7,280,252,256,254,156
1958,8,268,252,256,254,156
1958,9,263,252,256,254,156
1958,10,263,253,256,254,156
1958,11,257,253,256,254,156
1958,12,257,253,256,254,156
1958,13,257,254,256,254,156
1958,14,257,254,256,254,156
1958,15,257,255,256,254,156
1958,16,257,256,256,254,156
1958,17,252,256,256,254,156
1958,18,252,256,256,254,156
1958,19,246,257,257,254,156
1958,20,246,258,257,254,156
1958,21,246,259,257,254,156
1958,22,241,260,257,254,156
1958,23,252,261,257,254,156
1959,0,230,232,249,260,157
1959,1,241,232,249,260,157
1959,2,252,232,249,260,157
1959,3,263,232,249,260,157
1959,4,274,233,249,260,157
1959,5,274,234,249,260,157
1959,6,274,235,249,260,157
1959,7,268,236,248,260,157
1959,8,263,237,248,260,157
1959,9,252,238,248,260,157
1959,10,241,238,248,260,157
1959,11,241,239,248,260,157
1959,12,235,239,248,260,157
1959,13,235,239,248,260,157
1959,14,230,239,248,260,157
1959,15,230,240,247,260,157
1959,16,224,240,247,260,157
1959,17,218,240,247,260,157
1959,18,218,240,247,260,157
1959,19,213,240,247,260,157
1959,20,207,239,247,260,157
1959,21,213,239,247,260,157
1959,22,218,239,247,260,157
1959,23,224,239,247,260,157
1960,0,285,268,244,252,158
1960,1,291,270,244,252,158
1960,2,291,270,244,252,158
1960,3,291,271,245,252,158
1960,4,291,271,245,252,158
1960,5,291,272,245,252,158
1960,6,291,273,245,252,158
1960,7,280,274,245,252,158
1960,8,274,274,246,252,158
1960,9,268,274,246,252,158
1960,10,268,274,246,252,158
1960,11,268,274,246,252,158
1960,12,268,274,246,252,158
1960,13,263,274,246,252,158
1960,14,257,274,246,252,158
1960,15,263,273,247,252,158
1960,16,257,273,247,252,158
1960,17,252,273,247,252,158
1960,18,241,272,247,252,158
1960,19,241,271,247,252,158
1960,20,224,269,247,252,158
1960,21,218,267,247,252,158
1960,22,224,265,247,252,158
1960,23,230,264,246,252,158
1961,0,,,,,
1961,1,,,,,
1961,2,,,,,
1961,3,,,,,
1961,4,,,,,
1961,5,,,,,
1961,6,,,,,
1961,7,,,,,
1961,8,,,,,
1961,9,,,,,
1961,10,,,,,
1961,11,,,,,
1961,12,,,,,
1961,13,,,,,
1961,14,,,,,
1961,15,,,,,
1961,16,,,,,
1961,17,,,,,
1961,18,,,,,
1961,19,,,,,
1961,20,,,,,
1961,21,,,,,
1961,22,,,,,
1961,23,,,,,
1962,0,,,,,
1962,1,,,,,
1962,2,,,,,
1962,3,,,,,
1962,4,,,,,
1962,5,,,,,
1962,6,,,,,
1962,7,,,,,
1962,8,,,,,
1962,9,,,,,
1962,10,,,,,
1962,11,,,,,
1962,12,,,,,
1962,13,,,,,
1962,14,,,,,
1962,15,,,,,
1962,16,,,,,
1962,17,,,,,
1962,18,,,,,
1962,19,,,,,
1962,20,,,,,
1962,21,,,,,
1962,22,,,,,
1962,23,,,,,
1963,0,,,,,
1963,1,,,,,
1963,2,,,,,
1963,3,,,,,
1963,4,,,,,
1963,5,,,,,
1963,6,,,,,
1963,7,,,,,
1963,8,,,,,
1963,9,,,,,
1963,10,,,,,
1963,11,,,,,
1963,12,,,,,
1963,13,,,,,
1963,14,,,,,
1963,15,,,,,
1963,16,,,,,
1963,17,,,,,
1963,18,,,,,
1963,19,,,,,
1963,20,,,,,
1963,21,,,,,
1963,22,,,,,
1963,23,,,,,
1964,0,,,,,
1964,1,,,,,
1964,2,,,,,
1964,3,,,,,
1964,4,,,,,
1964,5,,,,,
1964,6,,,,,
1964,7,,,,,
1964,8,,,,,
1964,9,,,,,
1964,10,,,,,
1964,11,,,,,
1964,12,,,,,
1964,13,,,,,
1964,14,,,,,
1964,15,,,,,
1964,16,,,,,
1964,17,,,,,
1964,18,,,,,
1964,19,,,,,
1964,20,,,,,
1964,21,,,,,
1964,22,,,,,
1964,23,,,,,
1965,0,,,,,
1965,1,,,,,
1965,2,,,,,
1965,3,,,,,
1965,4,,,,,
1965,5,,,,,
1965,6,,,,,
1965,7,,,,,
1965,8,,,,,
1965,9,,,,,
1965,10,,,,,
1965,11,,,,,
1965,12,,,,,
1965,13,,,,,
1965,14,,,,,
1965,15,,,,,
1965,16,,,,,
1965,17,,,,,
1965,18,,,,,
1965,19,,,,,
1965,20,,,,,
1965,21,,,,,
1965,22,,,,,
1965,23,,,,,
1966,0,,,,,
1966,1,,,,,
1966,2,,,,,
1966,3,,,,,
1966,4,,,,,
1966,5,,,,,
1966,6,,,,,
1966,7,,,,,
1966,8,,,,,
1966,9,,,,,
1966,10,,,,,
1966,11,,,,,
1966,12,,,,,
1966,13,,,,,
1966,14,,,,,
1966,15,,,,,
1966,16,,,,,
1966,17,,,,,
1966,18,,,,,
1966,19,,,,,
1966,20,,,,,
1966,21,,,,,
1966,22,,,,,
1966,23,,,,,
1967,0,,,,,
1967,1,191,,,,
1967,2,191,,,,
1967,3,202,,,,
1967,4,202,,,,
1967,5,202,,,,
1967,6,202,,,,
1967,7,202,,,,
1967,8,,,,,
1967,9,202,,,,
1967,10,202,,,,
1967,11,191,,,,
1967,12,191,,,,
1967,13,191,,,,
1967,14,202,,,,
1967,15,213,,,,
1967,16,213,,,,
1967,17,213,,,,
1967,18,213,,,,
1967,19,213,,,,
1967,20,213,,,,
1967,21,213,,,,
1967,22,224,,,,
1967,23,224,,,,
1968,0,213,186,,,
1968,1,224,188,,,
1968,2,241,191,,,
1968,3,241,193,,,
1968,4,252,196,,,
1968,5,241,199,,,
1968,6,241,201,,,
1968,7,241,204,,,
1968,8,241,206,,,
1968,9,230,208,,,
1968,10,227,209,210,,
1968,11,224,210,210,,
1968,12,224,211,210,,
1968,13,224,213,211,,
1968,14,224,214,211,,
1968,15,224,216,211,,
1968,16,213,217,211,,
1968,17,213,219,211,,
1968,18,213,220,212,,
1968,19,213,222,212,,
1968,20,213,223,212,,
1968,21,213,224,212,,
1968,22,213,225,212,,
1968,23,213,226,212,,
1969,0,263,258,228,253,
1969,1,257,259,228,253,
1969,2,263,258,228,253,
1969,3,268,258,228,253,
1969,4,263,257,228,253,
1969,5,268,257,228,253,
1969,6,274,257,229,253,
1969,7,268,257,229,253,
1969,8,274,257,229,253,
1969,9,274,258,229,253,
1969,10,274,258,229,253,
1969,11,268,259,230,253,
1969,12,274,260,230,253,
1969,13,268,261,230,253,
1969,14,274,261,231,253,
1969,15,268,262,231,253,
1969,16,274,263,232,253,
1969,17,268,264,232,253,
1969,18,274,265,233,253,
1969,19,268,266,233,253,
1969,20,274,267,234,253,
1969,21,268,268,234,253,
1969,22,274,269,235,253,
1969,23,280,270,235,253,
1970,0,246,247,252,,
1970,1,241,246,252,,
1970,2,263,247,252,,
1970,3,268,247,252,,
1970,4,296,249,252,,
1970,5,302,250,252,,
1970,6,302,252,253,,
1970,7,302,253,253,,
1970,8,274,254,253,,
1970,9,268,255,253,,
1970,10,263,255,253,,
1970,11,230,255,253,,
1970,12,235,255,253,,
1970,13,230,254,253,,
1970,14,224,253,253,,
1970,15,218,252,252,,
1970,16,224,251,252,,
1970,17,218,250,252,,
1970,18,224,249,252,,
1970,19,218,248,252,,
1970,20,224,248,252,,
1970,21,218,248,252,,
1970,22,224,248,251,,
1970,23,207,247,251,,
1971,0,235,221,212,236,155
1971,1,252,221,213,236,155
1971,2,246,221,213,236,155
1971,3,241,221,213,236,155
1971,4,235,221,213,236,155
1971,5,230,220,213,236,154
1971,6,235,219,213,236,154
1971,7,218,218,213,236,154
1971,8,224,217,213,236,154
1971,9,207,216,213,236,154
1971,10,213,216,213,235,154
1971,11,202,215,213,235,154
1971,12,202,215,213,235,154
1971,13,191,214,213,235,154
1971,14,196,213,213,235,154
1971,15,191,213,213,235,154
1971,16,196,212,213,235,154
1971,17,180,212,213,235,154
1971,18,185,212,213,234,154
1971,19,180,211,213,234,154
1971,20,174,210,213,234,154
1971,21,169,209,212,234,154
1971,22,196,209,212,234,154
1971,23,202,208,212,234,154
1972,0,202,215,233,250,
1972,1,230,215,233,250,
1972,2,235,215,232,250,
1972,3,230,214,232,250,
1972,4,235,214,232,250,
1972,5,230,215,231,250,
1972,6,246,215,231,250,
1972,7,230,215,230,250,
1972,8,235,215,230,250,
1972,9,230,216,230,249,
1972,10,224,216,230,249,
1972,11,218,216,229,249,
1972,12,224,217,229,249,
1972,13,218,217,229,249,
1972,14,224,218,229,249,
1972,15,218,218,228,249,
1972,16,213,218,228,249,
1972,17,218,219,228,249,
1972,18,224,220,228,249,
1972,19,218,221,228,249,
1972,20,224,221,228,249,
1972,21,230,223,228,249,
1972,22,224,224,228,249,
1972,23,218,225,228,249,
1973,0,220,,,,
1973,1,230,,,,
1973,2,230,,,,
1973,3,,,,,
1973,4,240,,,,
1973,5,240,,,,
1973,6,240,,,,
1973,7,238,,,,
1973,8,,,,,
1973,9,,,,,
1973,10,220,,,,
1973,11,220,,,,
1973,12,220,,,,
1973,13,220,,,,
1973,14,220,,,,
1973,15,220,,,,
1973,16,220,,,,
1973,17,210,,,,
1973,18,200,,,,
1973,19,200,,,,
1973,20,200,,,,
1973,21,200,,,,
1973,22,200,,,,
1973,23,208,,,,
1974,0,260,235,240,255,
1974,1,270,236,240,255,
1974,2,270,238,239,255,
1974,3,280,240,239,255,
1974,4,280,242,239,255,
1974,5,280,243,239,256,
1974,6,280,245,239,256,
1974,7,270,246,239,256,
1974,8,270,247,239,256,
1974,9,270,249,239,256,
1974,10,260,250,239,256,
1974,11,260,251,239,256,
1974,12,250,252,239,256,
1974,13,250,253,239,256,
1974,14,250,254,239,256,
1974,15,240,254,238,256,
1974,16,230,254,238,256,
1974,17,230,255,238,256,
1974,18,220,254,238,256,
1974,19,210,253,238,256,
1974,20,200,252,237,256,
1974,21,200,251,237,256,
1974,22,200,249,237,256,
1974,23,200,247,236,256,
1975,0,240,245,,,150
1975,1,250,245,,,150
1975,2,260,245,,,150
1975,3,270,245,,,150
1975,4,270,245,,,150
1975,5,280,246,259,,150
1975,6,290,247,259,,150
1975,7,290,248,259,,150
1975,8,280,249,259,,150
1975,9,270,250,259,,150
1975,10,270,250,259,,150
1975,11,260,251,259,,150
1975,12,270,252,259,,150
1975,13,260,253,259,,150
1975,14,260,254,259,,150
1975,15,260,255,259,,150
1975,16,260,256,259,,150
1975,17,260,257,260,,150
1975,18,260,258,260,,150
1975,19,260,260,260,,150
1975,20,260,261,260,,150
1975,21,270,263,260,,150
1975,22,280,265,261,,150
1975,23,290,267,261,,150
1976,0,240,240,248,238,149
1976,1,240,240,248,238,149
1976,2,240,240,248,238,149
1976,3,260,241,248,238,149
1976,4,260,242,248,238,149
1976,5,270,242,248,238,149
1976,6,270,242,248,238,149
1976,7,260,242,248,238,149
1976,8,250,242,247,238,149
1976,9,240,241,247,238,149
1976,10,230,240,247,238,149
1976,11,230,239,247,238,149
1976,12,220,238,247,238,149
1976,13,220,237,246,238,149
1976,14,220,235,246,238,149
1976,15,210,234,246,238,149
1976,16,210,233,245,238,149
1976,17,210,233,245,238,149
1976,18,210,232,245,238,149
1976,19,210,232,245,238,149
1976,20,210,232,244,238,149
1976,21,210,232,244,238,149
1976,22,210,232,244,238,149
1976,23,220,231,243,238,149
1977,0,260,245,260,245,148
1977,1,290,247,260,245,148
1977,2,280,249,260,245,148
1977,3,280,251,260,245,148
1977,4,280,252,260,245,148
1977,5,270,253,260,245,148
1977,6,270,254,260,245,148
1977,7,260,255,260,245,148
1977,8,250,254,260,245,148
1977,9,240,253,260,245,148
1977,10,240,253,260,245,148
1977,11,220,252,260,245,148
1977,12,220,250,259,245,148
1977,13,220,249,259,245,148
1977,14,220,248,259,245,148
1977,15,210,246,259,245,148
1977,16,210,245,259,245,148
1977,17,200,243,259,244,148
1977,18,190,241,258,244,148
1977,19,190,239,258,244,148
1977,20,190,237,258,244,148
1977,21,190,236,257,244,148
1977,22,190,234,257,244,148
1977,23,200,232,257,244,148
1978,0,220,204,220,253,161
1978,1,230,205,220,253,161
1978,2,240,206,220,253,161
1978,3,230,207,220,252,161
1978,4,230,209,220,252,161
1978,5,230,210,219,252,161
1978,6,230,211,219,252,161
1978,7,210,211,219,252,161
1978,8,210,211,219,252,161
1978,9,200,211,218,252,161
1978,10,200,211,218,251,161
1978,11,200,211,218,251,161
1978,12,200,211,218,251,161
1978,13,190,210,218,251,161
1978,14,190,210,218,251,161
1978,15,190,210,218,251,161
1978,16,190,209,218,251,161
1978,17,190,209,218,250,161
1978,18,190,208,218,250,161
1978,19,190,208,218,250,161
1978,20,190,207,217,250,161
1978,21,200,207,218,250,161
1978,22,200,207,217,250,161
1978,23,200,206,217,250,161
1979,0,260,260,246,257,160
1979,1,270,260,246,257,160
1979,2,270,260,246,257,160
1979,3,270,260,246,257,160
1979,4,280,260,246,257,160
1979,5,280,260,246,257,160
1979,6,280,260,246,257,160
1979,7,280,261,246,257,160
1979,8,270,261,246,257,160
1979,9,270,262,246,257,160
1979,10,270,262,246,257,160
1979,11,270,262,246,257,160
1979,12,260,262,246,257,160
1979,13,240,262,246,257,160
1979,14,230,261,246,257,160
1979,15,220,260,246,257,160
1979,16,220,259,245,257,160
1979,17,220,257,245,257,160
1979,18,210,256,245,257,160
1979,19,200,254,245,257,160
1979,20,200,252,245,257,160
1979,21,200,250,244,256,160
1979,22,200,247,244,256,160
1979,23,200,245,244,256,160
1980,0,250,242,243,242,155
1980,1,260,242,243,242,155
1980,2,260,242,243,242,155
1980,3,270,242,244,242,155
1980,4,290,243,244,242,155
1980,5,290,243,245,242,155
1980,6,290,244,245,243,155
1980,7,280,244,245,243,155
1980,8,270,245,246,243,155
1980,9,270,245,246,243,155
1980,10,260,246,246,243,155
1980,11,260,247,246,243,155
1980,12,250,248,247,243,155
1980,13,250,249,247,243,155
1980,14,250,250,247,243,156
1980,15,240,250,247,243,156
1980,16,240,250,247,243,156
1980,17,230,251,248,243,156
1980,18,230,251,248,243,156
1980,19,220,251,248,243,156
1980,20,210,251,248,243,156
1980,21,210,251,248,243,156
1980,22,220,251,248,243,156
1980,23,230,251,248,243,156
1981,0,200,201,205,244,150
1981,1,210,201,205,244,150
1981,2,220,201,205,244,150
1981,3,220,201,205,244,150
1981,4,230,202,205,244,150
1981,5,230,202,205,244,150
1981,6,230,202,205,244,150
1981,7,230,202,205,244,150
1981,8,210,202,205,244,150
1981,9,210,202,205,244,150
1981,10,200,201,205,244,150
1981,11,200,201,205,243,150
1981,12,190,200,205,243,150
1981,13,190,200,205,243,150
1981,14,190,200,205,243,150
1981,15,190,200,205,243,150
1981,16,190,200,205,243,150
1981,17,180,200,205,243,150
1981,18,180,200,205,243,150
1981,19,170,200,205,243,150
1981,20,170,200,205,243,150
1981,21,170,200,205,243,150
1981,22,190,200,205,243,150
1981,23,200,200,205,243,150
1982,0,180,218,226,253,153
1982,1,180,215,226,253,153
1982,2,190,212,226,253,153
1982,3,190,210,225,253,153
1982,4,190,207,225,252,153
1982,5,180,203,225,252,153
1982,6,190,200,225,252,153
1982,7,200,198,224,252,153
1982,8,190,196,224,252,153
1982,9,190,195,224,252,153
1982,10,190,194,224,252,153
1982,11,190,193,224,252,153
1982,12,190,192,223,252,153
1982,13,180,192,223,252,153
1982,14,180,190,223,252,153
1982,15,180,190,223,252,153
1982,16,180,189,222,251,153
1982,17,180,188,222,251,153
1982,18,180,187,222,251,153
1982,19,180,186,222,251,153
1982,20,170,185,221,251,153
1982,21,170,184,221,251,153
1982,22,180,184,221,251,153
1982,23,200,185,221,251,153
1983,0,200,234,248,263,158
1983,1,210,232,248,263,158
1983,2,200,229,248,263,158
1983,3,200,227,248,263,158
1983,4,210,224,248,262,158
1983,5,190,221,247,262,158
1983,6,190,218,247,262,158
1983,7,200,215,246,262,158
1983,8,200,213,246,262,158
1983,9,200,212,246,262,158
1983,10,200,210,245,262,158
1983,11,200,209,245,262,158
1983,12,200,207,245,262,158
1983,13,200,206,245,262,158
1983,14,200,205,245,261,158
1983,15,200,204,244,261,158
1983,16,190,202,244,261,158
1983,17,190,201,244,261,158
1983,18,190,200,244,261,158
1983,19,190,199,244,261,158
1983,20,190,198,243,261,158
1983,21,190,197,243,261,158
1983,22,190,197,243,261,158
1983,23,190,197,243,261,158
1984,0,240,242,240,266,145
1984,1,250,242,240,266,145
1984,2,250,242,240,266,145
1984,3,250,242,240,265,145
1984,4,250,242,240,265,145
1984,5,250,241,240,265,145
1984,6,240,241,240,265,145
1984,7,240,240,240,265,145
1984,8,230,239,240,265,145
1984,9,220,237,240,265,145
1984,10,220,235,240,264,145
1984,11,210,234,240,264,145
1984,12,200,232,240,264,145
1984,13,200,230,240,264,145
1984,14,200,228,240,264,145
1984,15,200,227,240,264,145
1984,16,200,225,239,264,145
1984,17,200,225,239,264,145
1984,18,200,224,239,264,145
1984,19,200,223,239,264,145
1984,20,200,222,239,263,145
1984,21,200,221,239,263,145
1984,22,200,220,239,263,145
1984,23,200,219,239,263,145
1985,0,190,214,246,268,154
1985,1,190,212,246,268,154
1985,2,200,211,245,268,154
1985,3,200,209,245,267,154
1985,4,200,207,244,267,154
1985,5,200,205,243,267,154
1985,6,200,202,243,267,154
1985,7,200,201,242,267,154
1985,8,190,199,241,267,154
1985,9,190,197,241,266,154
1985,10,190,196,240,266,154
1985,11,190,194,240,266,154
1985,12,190,192,239,266,154
1985,13,180,190,239,266,154
1985,14,180,189,238,266,154
1985,15,180,187,238,266,154
1985,16,170,187,237,266,154
1985,17,180,186,237,265,154
1985,18,180,186,237,265,154
1985,19,180,186,236,265,154
1985,20,180,187,236,265,154
1985,21,180,187,236,265,154
1985,22,170,187,235,265,154
1985,23,180,187,235,265,154
1986,0,230,222,241,259,149
1986,1,230,223,240,259,149
1986,2,220,223,240,259,149
1986,3,220,224,240,259,149
1986,4,210,223,240,259,149
1986,5,200,222,239,259,149
1986,6,200,221,239,259,149
1986,7,210,220,238,259,149
1986,8,210,219,238,258,149
1986,9,210,218,237,258,149
1986,10,210,217,237,258,149
1986,11,210,217,237,258,149
1986,12,200,215,236,258,149
1986,13,210,215,236,258,149
1986,14,200,213,236,258,149
1986,15,200,212,236,258,149
1986,16,200,212,235,258,149
1986,17,200,211,235,258,149
1986,18,200,210,235,258,149
1986,19,190,209,235,257,149
1986,20,190,208,234,257,149
1986,21,200,207,234,257,149
1986,22,200,207,234,257,149
1986,23,200,206,234,257,149
1987,0,240,236,251,263,161
1987,1,260,237,250,263,161
1987,2,270,237,250,263,161
1987,3,280,238,250,263,161
1987,4,280,239,250,263,161
1987,5,280,240,250,263,161
1987,6,280,240,250,263,161
1987,7,280,240,250,263,161
1987,8,270,241,249,262,161
1987,9,250,241,249,262,161
1987,10,250,241,249,262,161
1987,11,240,242,249,262,161
1987,12,230,242,249,262,161
1987,13,230,242,248,262,161
1987,14,230,242,248,262,161
1987,15,240,243,248,262,161
1987,16,240,244,248,262,161
1987,17,230,245,248,262,161
1987,18,220,245,247,262,161
1987,19,220,246,247,262,161
1987,20,220,246,247,262,161
1987,21,220,246,247,262,161
1987,22,230,247,247,262,161
1987,23,230,247,246,262,161
1988,0,220,219,241,253,153
1988,1,230,219,241,253,153
1988,2,220,218,241,253,153
1988,3,220,217,241,253,153
1988,4,230,215,240,252,153
1988,5,230,215,240,252,153
1988,6,230,213,240,252,153
1988,7,230,212,240,252,153
1988,8,240,212,240,252,153
1988,9,240,213,240,252,153
1988,10,240,214,240,252,153
1988,11,240,215,240,252,153
1988,12,240,217,240,252,153
1988,13,240,218,240,253,153
1988,14,240,219,241,253,153
1988,15,240,221,241,253,153
1988,16,240,222,241,253,153
1988,17,240,225,241,253,153
1988,18,250,227,241,253,153
1988,19,230,229,241,253,153
1988,20,240,231,241,253,153
1988,21,250,233,242,253,153
1988,22,250,235,242,253,153
1988,23,260,237,242,253,153
1989,0,300,267,270,265,157
1989,1,300,268,270,265,157
1989,2,300,269,270,265,157
1989,3,300,270,271,265,157
1989,4,310,270,271,265,157
1989,5,300,271,271,265,157
1989,6,300,272,271,265,157
1989,7,300,273,271,265,157
1989,8,270,273,271,265,157
1989,9,280,274,271,265,157
1989,10,270,275,271,265,157
1989,11,270,275,271,265,157
1989,12,270,275,271,265,157
1989,13,270,276,271,265,157
1989,14,270,276,271,265,157
1989,15,260,276,271,265,157
1989,16,260,276,271,265,157
1989,17,260,276,271,265,157
1989,18,260,277,271,265,157
1989,19,250,277,271,265,157
1989,20,250,277,271,265,157
1989,21,250,276,271,265,157
1989,22,270,277,271,265,157
1989,23,270,277,271,265,157
1990,0,260,242,258,271,165
1990,1,270,243,258,271,165
1990,2,280,245,258,271,165
1990,3,280,247,258,271,165
1990,4,270,248,258,271,165
1990,5,270,250,258,271,165
1990,6,250,250,258,271,165
1990,7,240,250,258,271,165
1990,8,230,250,257,271,165
1990,9,230,249,257,270,165
1990,10,230,249,257,270,165
1990,11,230,248,257,270,165
1990,12,230,248,257,270,165
1990,13,230,247,257,270,165
1990,14,230,247,257,270,165
1990,15,230,247,257,270,165
1990,16,240,248,258,270,164
1990,17,230,248,258,270,164
1990,18,230,248,258,270,164
1990,19,230,247,258,270,164
1990,20,230,246,258,270,164
1990,21,230,245,258,270,164
1990,22,220,243,258,269,164
1990,23,220,241,258,269,164
1991,0,220,266,243,258,166
1991,1,220,266,243,258,166
1991,2,220,266,243,258,166
1991,3,220,264,243,258,166
1991,4,220,261,242,258,166
1991,5,220,258,242,258,166
1991,6,220,256,242,257,166
1991,7,220,253,242,257,166
1991,8,220,251,241,257,166
1991,9,210,248,241,257,166
1991,10,200,245,241,257,166
1991,11,200,242,240,257,166
1991,12,200,239,240,257,166
1991,13,200,235,240,257,166
1991,14,200,232,239,257,166
1991,15,200,230,239,257,166
1991,16,200,227,239,257,166
1991,17,200,223,238,257,166
1991,18,200,220,238,257,166
1991,19,190,217,238,257,166
1991,20,190,215,237,257,166
1991,21,200,212,237,257,166
1991,22,190,209,237,257,166
1991,23,200,207,236,257,166
1992,0,190,222,,268,160
1992,1,200,221,,268,160
1992,2,200,219,,268,160
1992,3,210,216,,268,160
1992,4,210,214,,268,160
1992,5,220,212,,268,160
1992,6,210,210,,267,160
1992,7,220,208,,267,160
1992,8,220,207,,267,160
1992,9,220,207,,267,160
1992,10,220,207,,267,160
1992,11,220,207,,267,160
1992,12,230,208,,267,160
1992,13,220,209,,267,160
1992,14,220,209,,267,160
1992,15,220,209,,267,160
1992,16,220,210,,267,160
1992,17,220,211,,267,160
1992,18,210,212,,266,160
1992,19,210,212,,266,160
1992,20,215,212,,266,160
1992,21,210,213,,266,160
1992,22,220,214,,266,160
1992,23,230,215,,266,160
1993,0,240,228,228,248,154
1993,1,245,228,228,248,154
1993,2,250,227,228,248,154
1993,3,250,226,229,248,154
1993,4,250,225,229,248,154
1993,5,255,224,229,248,154
1993,6,260,224,229,248,154
1993,7,255,224,230,248,154
1993,8,245,224,230,248,154
1993,9,240,225,230,248,154
1993,10,235,226,230,248,154
1993,11,225,226,230,248,154
1993,12,220,226,231,249,154
1993,13,220,227,231,249,154
1993,14,220,227,231,249,154
1993,15,220,228,231,249,154
1993,16,210,228,231,249,154
1993,17,215,229,231,249,154
1993,18,220,230,231,249,154
1993,19,210,230,231,249,154
1993,20,215,231,231,249,154
1993,21,220,232,232,249,154
1993,22,220,232,232,249,154
1993,23,230,232,232,249,154
1994,0,200,213,254,269,166
1994,1,200,213,254,269,166
1994,2,205,213,253,269,166
1994,3,210,213,253,269,166
1994,4,210,213,252,269,166
1994,5,210,212,251,269,166
1994,6,210,212,251,268,166
1994,7,215,212,250,268,166
1994,8,220,212,250,268,166
1994,9,220,212,249,268,166
1994,10,220,212,249,268,166
1994,11,220,213,249,268,166
1994,12,220,213,249,268,166
1994,13,210,213,248,268,166
1994,14,210,213,248,268,166
1994,15,210,212,248,267,166
1994,16,215,212,247,267,166
1994,17,215,212,247,267,166
1994,18,220,212,247,267,166
1994,19,220,212,247,267,166
1994,20,220,212,247,267,166
1994,21,210,212,247,267,166
1994,22,220,213,246,267,166
1994,23,220,214,246,267,166
1995,0,220,236,248,275,166
1995,1,220,234,248,274,166
1995,2,220,232,248,274,166
1995,3,220,230,248,274,166
1995,4,225,228,248,274,166
1995,5,230,226,248,274,166
1995,6,230,225,248,274,166
1995,7,230,224,248,274,166
1995,8,225,223,248,273,166
1995,9,220,221,248,273,166
1995,10,220,220,248,273,166
1995,11,215,219,248,273,166
1995,12,210,219,248,273,166
1995,13,210,218,248,273,166
1995,14,210,217,248,273,166
1995,15,220,217,248,273,166
1995,16,210,217,248,273,166
1995,17,210,217,248,273,166
1995,18,210,217,248,273,166
1995,19,215,217,248,273,166
1995,20,210,217,248,273,166
1995,21,210,217,248,273,166
1995,22,205,217,248,272,166
1995,23,200,216,247,272,166
1996,0,220,199,,242,156
1996,1,240,201,,241,156
1996,2,245,204,,241,156
1996,3,250,206,,241,156
1996,4,250,209,,241,156
1996,5,250,211,,241,156
1996,6,250,214,,241,156
1996,7,245,215,,241,156
1996,8,230,217,,240,156
1996,9,220,217,,240,156
1996,10,210,218,,240,156
1996,11,210,218,,240,156
1996,12,210,219,,240,156
1996,13,210,219,,240,156
1996,14,210,220,,240,156
1996,15,210,220,,240,156
1996,16,210,220,,240,156
1996,17,205,221,,239,156
1996,18,200,221,,239,156
1996,19,200,221,,239,156
1996,20,200,221,,239,156
1996,21,200,221,,239,156
1996,22,215,221,,239,156
1996,23,225,221,,239,156
1997,0,180,208,238,260,165
1997,1,190,207,237,259,165
1997,2,180,205,237,259,165
1997,3,180,202,236,259,165
1997,4,190,200,236,259,165
1997,5,190,198,235,259,165
1997,6,190,196,235,259,165
1997,7,190,195,234,259,165
1997,8,190,193,234,259,165
1997,9,190,192,234,259,165
1997,10,190,191,234,259,165
1997,11,190,190,233,259,165
1997,12,190,189,233,259,165
1997,13,190,189,233,259,165
1997,14,190,188,233,259,165
1997,15,190,188,233,259,165
1997,16,190,187,232,259,165
1997,17,190,187,232,259,165
1997,18,190,187,232,259,165
1997,19,190,188,232,259,165
1997,20,180,188,231,259,165
1997,21,180,188,231,259,165
1997,22,170,187,231,259,165
1997,23,170,186,230,259,165
1998,0,240,245,245,,164
1998,1,250,245,246,,164
1998,2,250,244,246,,164
1998,3,250,244,246,,164
1998,4,260,243,246,,164
1998,5,260,242,246,,164
1998,6,260,241,246,,164
1998,7,265,241,246,,164
1998,8,260,241,246,,165
1998,9,260,242,246,,165
1998,10,260,242,246,,165
1998,11,260,242,246,254,165
1998,12,260,243,246,254,165
1998,13,260,244,247,254,165
1998,14,240,244,247,254,165
1998,15,250,245,247,254,165
1998,16,250,246,247,254,165
1998,17,250,247,247,254,165
1998,18,250,248,247,254,165
1998,19,250,250,247,254,165
1998,20,260,251,248,254,165
1998,21,260,253,248,254,165
1998,22,250,254,248,254,165
1998,23,240,254,248,254,165
1999,0,300,296,,281,170
1999,1,310,295,,281,170
1999,2,320,295,,281,170
1999,3,320,295,,281,170
1999,4,320,294,,281,170
1999,5,300,293,,281,170
1999,6,280,291,,281,170
1999,7,280,290,,281,170
1999,8,280,290,,281,170
1999,9,280,289,,281,170
1999,10,280,289,,281,170
1999,11,250,287,,281,170
1999,12,230,285,,281,170
1999,13,235,284,,281,170
1999,14,235,282,,281,170
1999,15,230,280,,281,170
1999,16,230,277,,280,170
1999,17,230,275,,280,170
1999,18,230,273,,280,170
1999,19,230,272,,280,170
1999,20,230,270,,280,170
1999,21,230,267,,280,170
1999,22,230,265,,280,170
1999,23,235,262,,280,170
2000,0,250,252,260,266,166
2000,1,250,252,260,266,166
2000,2,270,253,260,266,167
2000,3,280,254,260,266,167
2000,4,280,255,260,266,167
2000,5,280,256,260,266,167
2000,6,290,257,260,266,167
2000,7,290,257,260,266,167
2000,8,280,258,260,266,167
2000,9,280,259,260,266,167
2000,10,270,260,260,266,167
2000,11,270,260,260,266,167
2000,12,260,260,260,266,167
2000,13,250,260,260,266,167
2000,14,260,260,260,266,167
2000,15,250,260,260,266,167
2000,16,260,260,261,266,167
2000,17,250,261,261,266,167
2000,18,250,261,261,266,167
2000,19,250,262,261,266,167
2000,20,250,262,261,266,167
2000,21,260,263,261,266,167
2000,22,260,264,261,266,167
2000,23,270,265,261,266,167
2001,0,250,240,247,246,160
2001,1,280,242,248,246,160
2001,2,270,243,248,246,160
2001,3,280,245,248,246,160
2001,4,280,247,248,246,160
2001,5,250,247,248,246,160
2001,6,280,248,248,246,160
2001,7,280,249,248,246,160
2001,8,270,250,248,246,160
2001,9,260,251,248,246,160
2001,10,260,251,248,246,160
2001,11,260,251,248,246,160
2001,12,240,250,248,246,160
2001,13,240,250,248,246,160
2001,14,240,250,248,246,160
2001,15,240,250,248,246,160
2001,16,240,250,248,246,160
2001,17,240,251,248,246,160
2001,18,240,252,248,246,160
2001,19,240,252,248,246,160
2001,20,240,253,248,246,160
2001,21,230,253,248,246,160
2001,22,240,254,248,246,160
2001,23,240,254,248,246,160
2002,0,190,195,238,255,163
2002,1,190,195,237,255,163
2002,2,190,195,237,255,163
2002,3,200,196,237,254,163
2002,4,200,196,237,254,163
2002,5,200,196,236,254,163
2002,6,200,196,236,254,163
2002,7,200,197,236,254,163
2002,8,200,197,235,254,163
2002,9,200,197,235,254,163
2002,10,200,197,235,254,163
2002,11,200,197,234,254,163
2002,12,200,197,234,254,163
2002,13,200,197,234,254,163
2002,14,200,197,234,254,163
2002,15,200,197,234,253,163
2002,16,200,197,233,253,163
2002,17,200,197,233,253,163
2002,18,200,197,233,253,163
2002,19,200,197,233,253,163
2002,20,200,197,233,253,163
2002,21,200,198,233,253,163
2002,22,200,198,232,253,163
2002,23,190,198,232,253,163
2003,0,280,271,,255,153
2003,1,290,271,,255,153
2003,2,290,270,,255,153
2003,3,290,270,,256,153
2003,4,310,270,,256,153
2003,5,300,270,,256,153
2003,6,300,270,,256,153
2003,7,290,271,,256,154
2003,8,280,272,,256,154
2003,9,270,271,,256,154
2003,10,270,271,,257,154
2003,11,260,271,,257,154
2003,12,260,271,,257,154
2003,13,260,271,,257,154
2003,14,250,270,,257,154
2003,15,240,270,,257,154
2003,16,240,269,,257,154
2003,17,230,267,,257,154
2003,18,230,267,,257,154
2003,19,230,267,,257,154
2003,20,230,266,,257,154
2003,21,230,265,,257,154
2003,22,230,264,,257,154
2003,23,230,262,,257,154
2004,0,220,264,253,258,168
2004,1,230,262,252,258,168
2004,2,230,259,252,258,168
2004,3,240,256,251,258,168
2004,4,240,254,251,258,168
2004,5,240,251,250,258,168
2004,6,230,247,250,258,168
2004,7,230,244,249,258,168
2004,8,220,241,249,258,168
2004,9,220,237,248,258,168
2004,10,210,234,248,257,168
2004,11,210,230,248,257,168
2004,12,200,227,247,257,168
2004,13,200,225,247,257,168
2004,14,190,222,246,257,168
2004,15,190,220,246,257,167
2004,16,190,218,245,257,167
2004,17,190,217,245,257,167
2004,18,190,215,245,257,167
2004,19,190,214,245,257,167
2004,20,180,212,244,257,167
2004,21,190,211,244,256,167
2004,22,190,210,244,256,167
2004,23,200,209,243,256,167
2005,0,240,277,264,266,163
2005,1,240,275,263,265,163
2005,2,240,272,263,265,163
2005,3,240,269,263,265,163
2005,4,250,267,262,265,163
2005,5,240,264,262,265,163
2005,6,240,261,262,265,163
2005,7,240,259,261,265,163
2005,8,230,257,261,265,163
2005,9,230,255,261,265,163
2005,10,220,252,261,265,163
2005,11,220,250,260,265,163
2005,12,220,247,260,265,163
2005,13,220,245,260,265,163
2005,14,220,243,260,265,163
2005,15,220,241,259,265,163
2005,16,220,239,259,265,163
2005,17,220,237,259,265,163
2005,18,210,234,259,265,163
2005,19,210,232,259,265,163
2005,20,210,230,259,265,163
2005,21,210,227,258,265,163
2005,22,210,227,258,265,163
2005,23,220,226,258,265,163
2006,0,210,200,235,257,157
2006,1,220,202,234,257,157
2006,2,230,204,234,257,157
2006,3,230,206,234,257,157
2006,4,230,207,234,256,157
2006,5,230,208,234,256,157
2006,6,230,210,234,256,157
2006,7,230,210,234,256,157
2006,8,220,211,233,256,157
2006,9,220,211,233,256,157
2006,10,220,212,233,256,157
2006,11,210,212,232,256,157
2006,12,210,212,232,256,157
2006,13,210,212,232,256,157
2006,14,200,212,232,256,157
2006,15,200,212,231,256,157
2006,16,200,212,231,255,157
2006,17,200,212,231,255,157
2006,18,200,212,231,255,157
2006,19,200,212,230,255,157
2006,20,190,212,230,255,157
2006,21,190,212,230,255,157
2006,22,200,212,229,255,157
2006,23,210,212,229,255,157
2007,0,280,260,249,,168
2007,1,290,262,249,,168
2007,2,290,263,249,,168
2007,3,300,265,249,,168
2007,4,300,265,249,,168
2007,5,300,266,249,,168
2007,6,290,266,249,,168
2007,7,280,266,249,,168
2007,8,270,266,249,,168
2007,9,260,266,249,,168
2007,10,260,266,249,,168
2007,11,260,266,249,,168
2007,12,260,266,249,,168
2007,13,270,267,249,,168
2007,14,260,267,249,,168
2007,15,260,268,249,,168
2007,16,260,268,249,,168
2007,17,260,269,250,,168
2007,18,260,270,250,,168
2007,19,260,271,250,,168
2007,20,260,271,250,,168
2007,21,260,272,250,,168
2007,22,270,272,250,,168
2007,23,280,272,250,,168
2008,0,240,247,249,253,162
2008,1,240,247,249,253,162
2008,2,250,246,249,253,162
2008,3,250,246,249,252,162
2008,4,260,245,249,252,162
2008,5,260,245,249,252,162
2008,6,250,244,248,252,162
2008,7,250,243,248,252,162
2008,8,250,242,248,252,162
2008,9,250,242,248,252,162
2008,10,240,241,248,252,162
2008,11,240,241,247,252,162
2008,12,240,241,247,252,162
2008,13,240,241,247,252,162
2008,14,240,241,247,252,162
2008,15,240,241,247,252,162
2008,16,230,241,247,252,162
2008,17,240,241,247,252,162
2008,18,230,241,247,252,162
2008,19,230,241,247,252,162
2008,20,220,241,247,252,162
2008,21,220,240,246,251,162
2008,22,220,240,246,251,162
2008,23,220,240,246,251,162
2009,0,210,222,228,245,166
2009,1,220,222,228,245,166
2009,2,220,221,228,245,166
2009,3,220,220,227,245,166
2009,4,230,219,227,245,166
2009,5,220,218,227,244,166
2009,6,230,217,227,244,166
2009,7,230,217,226,244,166
2009,8,220,216,226,244,166
2009,9,220,216,226,244,166
2009,10,220,216,226,244,166
2009,11,230,217,226,244,166
2009,12,210,216,226,244,166
2009,13,200,216,226,244,166
2009,14,200,215,226,244,166
2009,15,200,215,225,244,166
2009,16,190,214,225,244,166
2009,17,190,213,225,243,166
2009,18,190,212,225,243,166
2009,19,200,212,225,243,166
2009,20,200,212,225,243,166
2009,21,210,212,225,243,166
2009,22,210,212,224,243,166
2009,23,220,212,224,243,166
2010,0,230,249,262,286,167
2010,1,230,247,261,286,167
2010,2,240,246,261,286,167
2010,3,250,245,261,286,167
2010,4,250,244,261,286,167
2010,5,250,242,261,286,167
2010,6,250,241,261,286,167
2010,7,250,240,261,285,167
2010,8,250,239,261,285,167
2010,9,240,238,261,285,167
2010,10,240,237,261,285,167
2010,11,230,236,261,285,167
2010,12,230,235,261,285,167
2010,13,230,235,261,285,167
2010,14,230,234,261,285,167
2010,15,230,234,261,285,167
2010,16,220,234,260,285,167
2010,17,220,233,260,284,167
2010,18,220,233,260,284,167
2010,19,210,232,260,284,167
2010,20,210,232,260,284,167
2010,21,210,232,260,284,167
2010,22,200,231,260,284,167
2010,23,200,230,259,284,167
2011,0,290,280,277,266,165
2011,1,300,280,277,266,165
2011,2,300,280,277,266,165
2011,3,320,280,277,266,165
2011,4,320,281,277,266,165
2011,5,320,281,278,266,165
2011,6,310,281,278,266,165
2011,7,310,282,278,266,165
2011,8,300,282,278,266,165
2011,9,290,282,278,266,165
2011,10,280,282,278,266,165
2011,11,270,282,278,266,165
2011,12,270,282,278,266,165
2011,13,270,282,279,266,165
2011,14,270,282,279,266,165
2011,15,270,282,279,266,165
2011,16,270,283,279,266,165
2011,17,270,283,279,266,165
2011,18,260,284,279,266,165
2011,19,260,284,279,266,165
2011,20,260,284,279,266,165
2011,21,260,284,279,266,165
2011,22,270,284,279,266,165
2011,23,280,284,279,266,165
2012,0,280,278,280,283,162
2012,1,270,277,280,283,162
2012,2,290,276,280,283,162
2012,3,290,275,280,283,162
2012,4,290,275,280,283,162
2012,5,280,274,280,283,162
2012,6,280,272,280,283,162
2012,7,290,272,280,283,162
2012,8,290,272,280,283,162
2012,9,280,272,280,283,162
2012,10,270,272,280,283,162
2012,11,270,272,280,283,162
2012,12,260,271,280,283,162
2012,13,260,271,279,283,162
2012,14,260,271,279,283,162
2012,15,260,271,279,283,162
2012,16,260,271,279,283,162
2012,17,260,271,279,283,162
2012,18,260,271,279,283,162
2012,19,260,272,279,283,162
2012,20,260,272,279,283,162
2012,21,260,272,279,283,162
2012,22,260,271,279,283,162
2012,23,270,271,279,283,162
2013,0,230,272,255,275,166
2013,1,240,270,255,275,166
2013,2,260,269,255,275,166
2013,3,260,268,254,275,166
2013,4,250,266,254,275,166
2013,5,290,266,254,275,166
2013,6,300,266,254,274,166
2013,7,300,266,255,274,166
2013,8,290,266,255,274,166
2013,9,290,266,255,274,166
2013,10,280,266,256,274,166
2013,11,270,266,256,274,166
2013,12,270,266,256,274,166
2013,13,270,266,256,274,166
2013,14,270,266,257,274,166
2013,15,270,266,257,274,166
2013,16,270,266,257,274,166
2013,17,280,267,258,274,166
2013,18,280,267,258,274,166
2013,19,280,268,258,274,166
2013,20,280,270,259,274,166
2013,21,260,270,259,274,166
2013,22,280,272,259,274,166
2013,23,290,273,260,274,166
2014,0,220,232,227,248,165
2014,1,230,232,228,247,165
2014,2,230,231,228,247,165
2014,3,230,230,228,247,165
2014,4,240,230,228,247,165
2014,5,250,229,228,247,165
2014,6,250,229,228,247,165
2014,7,250,228,228,247,165
2014,8,260,229,228,247,165
2014,9,260,230,228,247,165
2014,10,240,230,229,247,165
2014,11,240,230,229,247,165
2014,12,230,230,229,247,165
2014,13,250,232,229,247,165
2014,14,250,233,229,247,165
2014,15,240,234,229,247,165
2014,16,230,234,229,247,165
2014,17,230,235,230,247,165
2014,18,220,235,230,247,165
2014,19,220,235,230,247,165
2014,20,220,235,230,247,165
2014,21,220,235,230,247,165
2014,22,220,235,230,247,165
2014,23,230,236,230,247,165
2015,0,230,226,234,245,166
2015,1,230,225,234,245,166
2015,2,240,225,234,245,166
2015,3,250,225,234,245,166
2015,4,250,225,234,245,166
2015,5,260,225,235,245,166
2015,6,250,225,235,245,166
2015,7,250,226,235,245,166
2015,8,240,226,235,245,166
2015,9,240,226,235,245,166
2015,10,230,226,235,245,166
2015,11,220,226,236,244,166
2015,12,220,226,236,244,166
2015,13,220,227,236,244,166
2015,14,220,227,236,244,166
2015,15,210,227,236,244,166
2015,16,210,227,236,244,166
2015,17,210,227,236,244,166
2015,18,210,227,236,244,166
2015,19,210,227,236,244,166
2015,20,210,227,236,244,166
2015,21,210,227,236,244,166
2015,22,210,227,236,244,166
2015,23,210,227,236,244,166
2016,0,230,240,250,267,171
2016,1,240,240,250,267,171
2016,2,250,241,250,267,171
2016,3,260,242,249,266,171
2016,4,260,242,249,266,171
2016,5,260,243,249,266,171
2016,6,260,243,249,266,171
2016,7,260,244,249,266,171
2016,8,260,244,249,266,171
2016,9,250,245,249,266,171
2016,10,250,245,249,266,171
2016,11,250,245,249,266,171
2016,12,250,245,248,266,171
2016,13,240,245,248,266,171
2016,14,240,245,248,266,171
2016,15,240,245,248,266,171
2016,16,240,245,248,266,171
2016,17,240,245,248,266,171
2016,18,230,244,248,266,171
2016,19,230,244,247,266,171
2016,20,230,244,247,266,171
2016,21,230,244,247,266,171
2016,22,230,244,247,266,171
2016,23,230,244,247,266,171
2017,0,240,252,255,256,167
2017,1,250,251,255,256,167
2017,2,250,250,255,256,167
2017,3,250,248,255,256,167
2017,4,260,247,255,256,167
2017,5,260,246,255,256,167
2017,6,260,245,255,256,167
2017,7,260,244,255,256,167
2017,8,260,243,255,256,167
2017,9,240,242,255,256,167
2017,10,230,242,255,256,167
2017,11,220,240,255,256,167
2017,12,220,239,255,256,167
2017,13,230,238,255,256,167
2017,14,230,238,255,256,167
2017,15,230,237,255,256,167
2017,16,230,237,255,256,167
2017,17,230,237,255,256,167
2017,18,220,237,255,256,167
2017,19,210,237,255,256,167
2017,20,210,236,255,256,167
2017,21,210,236,255,256,167
2017,22,210,235,255,256,167
2017,23,220,235,255,256,167
2018,0,220,223,244,270,170
2018,1,210,222,243,270,170
2018,2,220,222,243,269,170
2018,3,220,222,242,269,170
2018,4,220,221,242,269,170
2018,5,220,220,241,269,170
2018,6,220,220,241,269,170
2018,7,220,219,240,269,170
2018,8,230,218,240,269,170
2018,9,230,218,239,269,170
2018,10,230,218,239,269,170
2018,11,230,218,239,268,170
2018,12,230,218,239,268,170
2018,13,220,218,238,268,170
2018,14,220,218,238,268,170
2018,15,220,219,238,268,170
2018,16,220,219,237,268,170
2018,17,220,220,237,268,170
2018,18,220,220,237,268,170
2018,19,230,221,237,268,170
2018,20,230,222,236,268,170
2018,21,220,222,236,268,170
2018,22,220,222,236,268,170
2018,23,230,223,235,268,170
2019,0,260,240,266,274,170
2019,1,270,242,266,274,170
2019,2,270,244,266,274,170
2019,3,280,246,266,274,170
2019,4,280,247,265,274,170
2019,5,280,249,265,274,170
2019,6,280,250,265,274,170
2019,7,280,252,265,274,170
2019,8,270,252,265,274,170
2019,9,270,253,265,274,170
2019,10,260,254,264,274,170
2019,11,260,254,264,274,170
2019,12,250,254,264,273,170
2019,13,250,254,264,273,170
2019,14,240,254,264,273,170
2019,15,240,254,263,273,171
2019,16,230,254,263,273,171
2019,17,230,254,263,273,171
2019,18,230,254,263,273,171
2019,19,230,254,262,273,171
2019,20,230,254,262,273,171
2019,21,230,254,262,273,171
2019,22,220,253,262,273,171
2019,23,230,253,262,273,171
2020,0,240,240,266,284,175
2020,1,250,240,265,284,175
2020,2,260,241,265,283,175
2020,3,260,241,265,283,175
2020,4,270,242,264,283,175
2020,5,270,242,264,283,175
2020,6,270,243,264,283,175
2020,7,270,244,264,283,175
2020,8,260,244,263,283,175
2020,9,260,245,263,283,175
2020,10,250,245,263,283,175
2020,11,250,245,263,283,175
2020,12,250,246,263,283,175
2020,13,240,246,262,283,175
2020,14,240,246,262,283,175
2020,15,230,246,262,283,175
2020,16,230,246,261,282,175
2020,17,230,246,261,282,175
2020,18,220,246,261,282,175
2020,19,220,245,260,282,175
2020,20,220,245,260,282,175
2020,21,220,245,260,282,175
2020,22,220,244,259,282,175
2020,23,230,244,259,282,175
2021,0,230,221,235,253,
2021,1,240,221,235,253,
2021,2,250,221,236,253,
2021,3,250,222,236,253,
2021,4,260,222,236,253,
2021,5,260,223,236,253,
2021,6,260,223,236,253,
2021,7,260,224,236,253,
2021,8,250,225,237,253,
2021,9,240,225,237,253,
2021,10,240,227,237,253,
2021,11,230,227,237,253,
2021,12,230,228,237,253,
2021,13,220,229,237,253,
2021,14,220,230,237,253,
2021,15,220,231,237,253,
2021,16,220,232,237,253,
2021,17,220,232,238,253,
2021,18,220,232,238,253,
2021,19,220,233,238,253,
2021,20,210,233,238,253,
2021,21,210,233,238,253,
2021,22,220,233,238,253,
2021,23,220,233,238,253,
2022,0,240,254,252,264,170
2022,1,240,251,252,264,170
2022,2,250,250,252,264,170
2022,3,260,249,252,264,170
2022,4,250,247,251,264,170
2022,5,250,245,251,264,170
2022,6,250,244,251,263,170
2022,7,250,242,251,263,170
2022,8,250,241,251,263,170
2022,9,240,241,251,263,170
2022,10,240,240,251,263,170
2022,11,240,240,251,263,170
2022,12,240,240,251,263,170
2022,13,230,240,251,263,170
2022,14,230,239,251,263,170
2022,15,230,239,251,263,170
2022,16,220,238,251,262,170
2022,17,220,238,251,262,170
2022,18,220,237,251,262,170
2022,19,220,237,251,262,170
2022,20,220,237,251,262,170
2022,21,210,236,251,262,170
2022,22,220,235,251,262,170
2022,23,240,236,251,262,170
