year,hour,obs,D1,D7,D30,D365
1944,0,213,257,275,284,
1944,1,213,257,274,284,
1944,2,213,257,274,284,
1944,3,213,257,274,284,
1944,4,230,257,274,284,
1944,5,241,257,274,283,
1944,6,246,258,274,283,
1944,7,263,258,274,283,
1944,8,268,257,274,283,
1944,9,291,257,274,283,
1944,10,296,257,274,283,
1944,11,307,257,274,283,
1944,12,307,257,274,283,
1944,13,313,258,274,283,
1944,14,307,257,273,283,
1944,15,302,258,273,283,
1944,16,291,258,273,283,
1944,17,274,258,273,283,
1944,18,263,259,273,283,
1944,19,252,259,273,283,
1944,20,241,259,273,283,
1944,21,235,259,273,283,
1944,22,230,259,273,283,
1944,23,230,260,273,283,
1945,0,241,283,291,276,211
1945,1,241,283,291,276,211
1945,2,235,284,291,276,211
1945,3,224,284,291,276,211
1945,4,224,284,291,276,211
1945,5,235,285,291,276,211
1945,6,241,285,291,276,211
1945,7,257,284,291,276,211
1945,8,285,284,291,276,211
1945,9,302,284,291,276,211
1945,10,318,284,290,276,211
1945,11,329,284,290,276,211
1945,12,335,283,290,276,211
1945,13,335,283,290,276,211
1945,14,335,282,290,276,211
1945,15,341,281,290,276,211
1945,16,324,280,290,276,211
1945,17,302,279,289,276,211
1945,18,285,279,289,276,211
1945,19,268,278,289,276,211
1945,20,257,278,289,276,211
1945,21,252,277,289,276,211
1945,22,246,277,289,276,211
1945,23,235,277,288,276,211
1946,0,213,272,281,282,219
1946,1,207,271,281,282,219
1946,2,202,271,281,282,219
1946,3,202,270,280,282,219
1946,4,202,270,280,282,219
1946,5,224,269,280,282,219
1946,6,235,269,280,282,219
1946,7,263,268,280,282,219
1946,8,285,267,280,282,219
1946,9,302,267,280,282,219
1946,10,313,267,280,282,219
1946,11,324,267,280,282,219
1946,12,329,267,280,282,219
1946,13,335,268,279,282,219
1946,14,335,268,279,282,219
1946,15,329,268,279,282,219
1946,16,318,268,279,282,219
1946,17,307,269,279,282,219
1946,18,296,269,278,282,219
1946,19,280,270,278,282,219
1946,20,263,270,278,282,219
1946,21,252,270,278,282,219
1946,22,246,270,278,282,219
1946,23,235,271,278,282,219
1947,0,,,,,
1947,1,,,,,
1947,2,,,,,
1947,3,,,,,
1947,4,,,,,
1947,5,,,,,
1947,6,,,,,
1947,7,,,,,
1947,8,,,,,
1947,9,,,,,
1947,10,,,,,
1947,11,,,,,
1947,12,,,,,
1947,13,,,,,
1947,14,,,,,
1947,15,,,,,
1947,16,,,,,
1947,17,,,,,
1947,18,,,,,
1947,19,,,,,
1947,20,,,,,
1947,21,,,,,
1947,22,,,,,
1947,23,,,,,
1948,0,,,,,
1948,1,,,,,
1948,2,,,,,
1948,3,,,,,
1948,4,,,,,
1948,5,,,,,
1948,6,,,,,
1948,7,,,,,
1948,8,,,,,
1948,9,,,,,
1948,10,,,,,
1948,11,,,,,
1948,12,,,,,
1948,13,,,,,
1948,14,,,,,
1948,15,,,,,
1948,16,,,,,
1948,17,,,,,
1948,18,,,,,
1948,19,,,,,
1948,20,,,,,
1948,21,,,,,
1948,22,,,,,
1948,23,,,,,
1949,0,,,,,
1949,1,,,,,
1949,2,,,,,
1949,3,,,,,
1949,4,,,,,
1949,5,,,,,
1949,6,,,,,
1949,7,,,,,
1949,8,,,,,
1949,9,,,,,
1949,10,,,,,
1949,11,,,,,
1949,12,322,,,,
1949,13,322,,,,
1949,14,,,,,
1949,15,,,,,
1949,16,,,,,
1949,17,,,,,
1949,18,,,,,
1949,19,,,,,
1949,20,,,,,
1949,21,,,,,
1949,22,,,,,
1949,23,,,,,
1950,0,,,,,
1950,1,,,,,
1950,2,,,,,
1950,3,,,,,
1950,4,,,,,
1950,5,,,,,
1950,6,,,,,
1950,7,,,,,
1950,8,,,,,
1950,9,,,,,
1950,10,,,,,
1950,11,,,,,
1950,12,350,,,,
1950,13,350,,,,
1950,14,,,,,
1950,15,,,,,
1950,16,,,,,
1950,17,,,,,
1950,18,,,,,
1950,19,,,,,
1950,20,,,,,
1950,21,,,,,
1950,22,,,,,
1950,23,,,,,
1951,0,,,,,
1951,1,,,,,
1951,2,,,,,
1951,3,,,,,
1951,4,,,,,
1951,5,,,,,
1951,6,,,,,
1951,7,,,,,
1951,8,,,,,
1951,9,,,,,
1951,10,,,,,
1951,11,,,,,
1951,12,350,,,,
1951,13,350,,,,
1951,14,,,,,
1951,15,,,,,
1951,16,,,,,
1951,17,,,,,
1951,18,,,,,
1951,19,,,,,
1951,20,,,,,
1951,21,,,,,
1951,22,,,,,
1951,23,,,,,
1952,0,,,,,
1952,1,,,,,
1952,2,,,,,
1952,3,,,,,
1952,4,,,,,
1952,5,,,,,
1952,6,,,,,
1952,7,,,,,
1952,8,,,,,
1952,9,,,,,
1952,10,,,,,
1952,11,,,,,
1952,12,328,,,,
1952,13,328,,,,
1952,14,,,,,
1952,15,,,,,
1952,16,,,,,
1952,17,,,,,
1952,18,,,,,
1952,19,,,,,
1952,20,,,,,
1952,21,,,,,
1952,22,,,,,
1952,23,,,,,
1953,0,,,,,
1953,1,,,,,
1953,2,,,,,
1953,3,,,,,
1953,4,,,,,
1953,5,,,,,
1953,6,,,,,
1953,7,,,,,
1953,8,,,,,
1953,9,,,,,
1953,10,,,,,
1953,11,,,,,
1953,12,,,,,
1953,13,,,,,
1953,14,,,,,
1953,15,,,,,
1953,16,,,,,
1953,17,,,,,
1953,18,,,,,
1953,19,,,,,
1953,20,,,,,
1953,21,,,,,
1953,22,,,,,
1953,23,,,,,
1954,0,,,,,
1954,1,,,,,
1954,2,,,,,
1954,3,,,,,
1954,4,,,,,
1954,5,,,,,
1954,6,,,,,
1954,7,,,,,
1954,8,,,,,
1954,9,,,,,
1954,10,,,,,
1954,11,,,,,
1954,12,,,,,
1954,13,,,,,
1954,14,,,,,
1954,15,,,,,
1954,16,,,,,
1954,17,,,,,
1954,18,,,,,
1954,19,,,,,
1954,20,,,,,
1954,21,,,,,
1954,22,,,,,
1954,23,,,,,
1955,0,,,,,
1955,1,,,,,
1955,2,,,,,
1955,3,,,,,
1955,4,,,,,
1955,5,,,,,
1955,6,,,,,
1955,7,,,,,
1955,8,,,,,
1955,9,,,,,
1955,10,,,,,
1955,11,,,,,
1955,12,,,,,
1955,13,,,,,
1955,14,,,,,
1955,15,,,,,
1955,16,,,,,
1955,17,,,,,
1955,18,,,,,
1955,19,,,,,
1955,20,,,,,
1955,21,,,,,
1955,22,,,,,
1955,23,,,,,
1956,0,,,,,
1956,1,,,,,
1956,2,,,,,
1956,3,,,,,
1956,4,,,,,
1956,5,,,,,
1956,6,,,,,
1956,7,,,,,
1956,8,,,,,
1956,9,,,,,
1956,10,,,,,
1956,11,,,,,
1956,12,,,,,
1956,13,,,,,
1956,14,,,,,
1956,15,,,,,
1956,16,,,,,
1956,17,,,,,
1956,18,,,,,
1956,19,,,,,
1956,20,,,,,
1956,21,,,,,
1956,22,,,,,
1956,23,,,,,
1957,0,239,,,,
1957,1,243,,,,
1957,2,,,,,
1957,3,,,,,
1957,4,,,,,
1957,5,,,,,
1957,6,261,,,,
1957,7,276,,,,
1957,8,,,,,
1957,9,,,,,
1957,10,,,,,
1957,11,,,,,
1957,12,350,,,,
1957,13,344,,,,
1957,14,,,,,
1957,15,,,,,
1957,16,,,,,
1957,17,,,,,
1957,18,311,,,,
1957,19,294,,,,
1957,20,,,,,
1957,21,,,,,
1957,22,,,,,
1957,23,,,,,
1958,0,222,,,,
1958,1,227,,,,
1958,2,,,,,
1958,3,,,,,
1958,4,,,,,
1958,5,,,,,
1958,6,250,,,,
1958,7,265,,,,
1958,8,,,,,
1958,9,,,,,
1958,10,,,,,
1958,11,,,,,
1958,12,339,,,,
1958,13,331,,,,
1958,14,,,,,
1958,15,,,,,
1958,16,,,,,
1958,17,,,,,
1958,18,289,,,,
1958,19,279,,,,
1958,20,,,,,
1958,21,,,,,
1958,22,,,,,
1958,23,,,,,
1959,0,222,,,,
1959,1,227,,,,
1959,2,,,,,
1959,3,,,,,
1959,4,,,,,
1959,5,,,,,
1959,6,250,,,,
1959,7,262,,,,
1959,8,,,,,
1959,9,,,,,
1959,10,,,,,
1959,11,,,,,
1959,12,322,,,,
1959,13,315,,,,
1959,14,,,,,
1959,15,,,,,
1959,16,,,,,
1959,17,,,,,
1959,18,278,,,,
1959,19,270,,,,
1959,20,,,,,
1959,21,,,,,
1959,22,,,,,
1959,23,,,,,
1960,0,222,,,,
1960,1,227,,,,
1960,2,,,,,
1960,3,,,,,
1960,4,,,,,
1960,5,,,,,
1960,6,250,,,,
1960,7,258,,,,
1960,8,,,,,
1960,9,,,,,
1960,10,,,,,
1960,11,,,,,
1960,12,300,,,,
1960,13,295,,,,
1960,14,,,,,
1960,15,,,,,
1960,16,,,,,
1960,17,,,,,
1960,18,272,,,,
1960,19,264,,,,
1960,20,,,,,
1960,21,,,,,
1960,22,,,,,
1960,23,,,,,
1961,0,239,,,,
1961,1,237,,,,
1961,2,,,,,
1961,3,,,,,
1961,4,,,,,
1961,5,,,,,
1961,6,228,,,,
1961,7,250,,,,
1961,8,,,,,
1961,9,,,,,
1961,10,,,,,
1961,11,,,,,
1961,12,361,,,,
1961,13,356,,,,
1961,14,,,,,
1961,15,,,,,
1961,16,,,,,
1961,17,,,,,
1961,18,328,,,,
1961,19,311,,,,
1961,20,,,,,
1961,21,,,,,
1961,22,,,,,
1961,23,,,,,
1962,0,250,,,,
1962,1,246,,,,
1962,2,,,,,
1962,3,,,,,
1962,4,,,,,
1962,5,,,,,
1962,6,228,,,,
1962,7,250,,,,
1962,8,,,,,
1962,9,,,,,
1962,10,,,,,
1962,11,,,,,
1962,12,361,,,,
1962,13,353,,,,
1962,14,,,,,
1962,15,,,,,
1962,16,,,,,
1962,17,,,,,
1962,18,311,,,,
1962,19,299,,,,
1962,20,,,,,
1962,21,,,,,
1962,22,,,,,
1962,23,,,,,
1963,0,239,,,,
1963,1,241,,,,
1963,2,,,,,
1963,3,,,,,
1963,4,,,,,
1963,5,,,,,
1963,6,250,,,,
1963,7,265,,,,
1963,8,,,,,
1963,9,,,,,
1963,10,,,,,
1963,11,,,,,
1963,12,339,,,,
1963,13,343,,,,
1963,14,,,,,
1963,15,350,,,,
1963,16,337,,,,
1963,17,,,,,
1963,18,311,,,,
1963,19,298,,,,
1963,20,,,,,
1963,21,272,,,,
1963,22,261,,,,
1963,23,,,,,
1964,0,228,,,,
1964,1,226,,,,
1964,2,,,,,
1964,3,222,,,,
1964,4,224,,,,
1964,5,,,,,
1964,6,228,,,,
1964,7,252,,,,
1964,8,,,,,
1964,9,300,,,,
1964,10,307,,,,
1964,11,,,,,
1964,12,322,,,,
1964,13,324,,,,
1964,14,,,,,
1964,15,328,,,,
1964,16,315,,,,
1964,17,,,,,
1964,18,289,,,,
1964,19,280,,,,
1964,20,,,,,
1964,21,261,,,,
1964,22,254,,,,
1964,23,,,,,
1965,0,211,,,,
1965,1,207,,,,
1965,2,,,,,
1965,3,200,,,,
1965,4,213,,,,
1965,5,,,,,
1965,6,239,,,,
1965,7,252,,,,
1965,8,,,,,
1965,9,278,,,,
1965,10,289,,,,
1965,11,,,,,
1965,12,311,,,,
1965,13,315,,,,
1965,14,,,,,
1965,15,322,,,,
1965,16,307,,,,
1965,17,,,,,
1965,18,278,,,,
1965,19,261,,,,
1965,20,,,,,
1965,21,228,,,,
1965,22,222,,,,
1965,23,,,,,
1966,0,239,,,,
1966,1,233,,,,
1966,2,,,,,
1966,3,222,,,,
1966,4,231,,,,
1966,5,,,,,
1966,6,250,,,,
1966,7,267,,,,
1966,8,,,,,
1966,9,300,,,,
1966,10,313,,,,
1966,11,,,,,
1966,12,339,,,,
1966,13,335,,,,
1966,14,,,,,
1966,15,328,,,,
1966,16,311,,,,
1966,17,,,,,
1966,18,278,,,,
1966,19,265,,,,
1966,20,,,,,
1966,21,239,,,,
1966,22,235,,,,
1966,23,,,,,
1967,0,,,,,
1967,1,,,,,
1967,2,,,,,
1967,3,,,,,
1967,4,,,,,
1967,5,,,,,
1967,6,,,,,
1967,7,,,,,
1967,8,,,,,
1967,9,,,,,
1967,10,,,,,
1967,11,,,,,
1967,12,,,,,
1967,13,,,,,
1967,14,,,,,
1967,15,,,,,
1967,16,,,,,
1967,17,,,,,
1967,18,,,,,
1967,19,,,,,
1967,20,,,,,
1967,21,,,,,
1967,22,,,,,
1967,23,,,,,
1968,0,,,,,
1968,1,,,,,
1968,2,,,,,
1968,3,,,,,
1968,4,,,,,
1968,5,,,,,
1968,6,,,,,
1968,7,,,,,
1968,8,,,,,
1968,9,,,,,
1968,10,,,,,
1968,11,,,,,
1968,12,,,,,
1968,13,,,,,
1968,14,,,,,
1968,15,,,,,
1968,16,,,,,
1968,17,,,,,
1968,18,,,,,
1968,19,,,,,
1968,20,,,,,
1968,21,,,,,
1968,22,,,,,
1968,23,,,,,
1969,0,,,,,
1969,1,,,,,
1969,2,,,,,
1969,3,,,,,
1969,4,,,,,
1969,5,,,,,
1969,6,,,,,
1969,7,,,,,
1969,8,,,,,
1969,9,,,,,
1969,10,,,,,
1969,11,,,,,
1969,12,,,,,
1969,13,,,,,
1969,14,,,,,
1969,15,,,,,
1969,16,,,,,
1969,17,,,,,
1969,18,,,,,
1969,19,,,,,
1969,20,,,,,
1969,21,,,,,
1969,22,,,,,
1969,23,,,,,
1970,0,,,,,
1970,1,,,,,
1970,2,,,,,
1970,3,,,,,
1970,4,,,,,
1970,5,,,,,
1970,6,,,,,
1970,7,,,,,
1970,8,,,,,
1970,9,,,,,
1970,10,,,,,
1970,11,,,,,
1970,12,,,,,
1970,13,,,,,
1970,14,,,,,
1970,15,,,,,
1970,16,,,,,
1970,17,,,,,
1970,18,,,,,
1970,19,,,,,
1970,20,,,,,
1970,21,,,,,
1970,22,,,,,
1970,23,,,,,
1971,0,,,,,
1971,1,,,,,
1971,2,,,,,
1971,3,,,,,
1971,4,,,,,
1971,5,,,,,
1971,6,,,,,
1971,7,,,,,
1971,8,,,,,
1971,9,,,,,
1971,10,,,,,
1971,11,,,,,
1971,12,,,,,
1971,13,,,,,
1971,14,,,,,
1971,15,,,,,
1971,16,,,,,
1971,17,,,,,
1971,18,,,,,
1971,19,,,,,
1971,20,,,,,
1971,21,,,,,
1971,22,,,,,
1971,23,,,,,
1972,0,,,,,
1972,1,,,,,
1972,2,,,,,
1972,3,,,,,
1972,4,,,,,
1972,5,,,,,
1972,6,,,,,
1972,7,,,,,
1972,8,,,,,
1972,9,,,,,
1972,10,,,,,
1972,11,,,,,
1972,12,,,,,
1972,13,,,,,
1972,14,,,,,
1972,15,,,,,
1972,16,,,,,
1972,17,,,,,
1972,18,,,,,
1972,19,,,,,
1972,20,,,,,
1972,21,,,,,
1972,22,,,,,
1972,23,,,,,
1973,0,220,,,,
1973,1,220,,,,
1973,2,220,,,,
1973,3,220,,,,
1973,4,225,,,,
1973,5,230,263,,,
1973,6,240,263,,,
1973,7,260,264,,,
1973,8,270,264,,,
1973,9,300,265,,,
1973,10,310,265,,,
1973,11,330,266,,,
1973,12,340,267,,,
1973,13,340,267,,,
1973,14,,,,,
1973,15,340,,,,
1973,16,330,,,,
1973,17,315,,,,
1973,18,300,,,,
1973,19,280,,,,
1973,20,270,,,,
1973,21,260,,,,
1973,22,240,,,,
1973,23,235,,,,
1974,0,250,,,,
1974,1,250,,,,
1974,2,220,,,,
1974,3,220,,,,
1974,4,230,,,,
1974,5,220,,,,
1974,6,230,,,,
1974,7,245,,,,
1974,8,280,,,,
1974,9,310,,,,
1974,10,320,,,,
1974,11,340,,,,
1974,12,350,,,,
1974,13,350,,,,
1974,14,355,,,,
1974,15,360,,,,
1974,16,350,,,,
1974,17,330,,,,
1974,18,310,,,,
1974,19,300,,,,
1974,20,,,,,
1974,21,280,,,,
1974,22,270,,,,
1974,23,,,,,
1975,0,230,,,,
1975,1,230,,,,
1975,2,225,,,,
1975,3,220,,,,
1975,4,225,,,,
1975,5,235,266,,,
1975,6,240,265,,,
1975,7,250,265,,,
1975,8,260,265,,,
1975,9,280,265,,,
1975,10,290,264,,,
1975,11,,,,,
1975,12,310,,,,
1975,13,320,,,,
1975,14,330,,,,
1975,15,320,,,,
1975,16,315,,,,
1975,17,300,,,,
1975,18,290,,,,
1975,19,280,,,,
1975,20,260,,,,
1975,21,250,,,,
1975,22,240,,,,
1975,23,240,,,,
1976,0,230,267,,,
1976,1,220,267,,,
1976,2,210,267,,,
1976,3,240,267,,,
1976,4,210,267,,,
1976,5,230,267,,,
1976,6,250,267,,,
1976,7,260,267,,,
1976,8,270,267,,,
1976,9,250,266,,,
1976,10,290,263,,,
1976,11,310,262,,,
1976,12,310,262,,,
1976,13,320,262,,,
1976,14,315,262,,,
1976,15,310,263,,,
1976,16,310,263,,,
1976,17,290,263,,,
1976,18,280,264,,,
1976,19,270,264,,,
1976,20,260,264,,,
1976,21,250,265,,,
1976,22,240,265,,,
1976,23,230,265,,,
1977,0,230,273,,,
1977,1,220,273,,,
1977,2,230,273,,,
1977,3,230,274,,,
1977,4,230,274,,,
1977,5,240,275,,,
1977,6,250,274,,,
1977,7,260,274,,,
1977,8,280,274,,,
1977,9,290,274,,,
1977,10,310,274,,,
1977,11,340,275,,,
1977,12,350,276,,,
1977,13,360,277,,,
1977,14,350,278,,,
1977,15,340,279,,,
1977,16,325,279,,,
1977,17,310,279,,,
1977,18,290,279,,,
1977,19,280,279,,,
1977,20,260,279,,,
1977,21,260,280,,,
1977,22,250,280,,,
1977,23,240,280,,,
1978,0,240,291,,,
1978,1,240,291,,,
1978,2,240,291,,,
1978,3,240,291,,,
1978,4,240,292,,,
1978,5,240,292,,,
1978,6,260,293,,,
1978,7,260,293,,,
1978,8,280,293,,,
1978,9,300,293,,,
1978,10,330,293,,,
1978,11,340,293,,,
1978,12,350,293,,,
1978,13,360,292,,,
1978,14,360,292,,,
1978,15,340,291,,,
1978,16,330,290,,,
1978,17,310,289,,,
1978,18,300,289,,,
1978,19,280,288,,,
1978,20,270,287,,,
1978,21,260,287,,,
1978,22,250,286,,,
1978,23,250,286,,,
1979,0,240,,,,
1979,1,240,,,,
1979,2,230,,,,
1979,3,230,,,,
1979,4,,,,,
1979,5,,,,,
1979,6,230,,,,
1979,7,260,,,,
1979,8,,,,,
1979,9,320,,,,
1979,10,340,,,,
1979,11,365,,,,
1979,12,380,,,,
1979,13,373,,,,
1979,14,,,,,
1979,15,360,,,,
1979,16,345,,,,
1979,17,330,,,,
1979,18,310,,,,
1979,19,290,,,,
1979,20,270,,,,
1979,21,260,,,,
1979,22,250,,,,
1979,23,245,,,,
1980,0,220,,,,
1980,1,220,,,,
1980,2,210,,,,
1980,3,210,,,,
1980,4,220,,,,
1980,5,,,,,
1980,6,240,,,,
1980,7,250,,,,
1980,8,270,,,,
1980,9,290,,,,
1980,10,300,,,,
1980,11,310,,,,
1980,12,320,,,,
1980,13,325,,,,
1980,14,330,,,,
1980,15,330,,,,
1980,16,320,,,,
1980,17,,,,,
1980,18,300,,,,
1980,19,290,,,,
1980,20,270,,,,
1980,21,260,,,,
1980,22,250,,,,
1980,23,240,,,,
1981,0,230,,,,
1981,1,220,,,,
1981,2,220,,,,
1981,3,220,,,,
1981,4,220,,,,
1981,5,240,,,,
1981,6,250,,,,
1981,7,270,,,,
1981,8,290,,,,
1981,9,300,,,,
1981,10,310,,,,
1981,11,315,,,,
1981,12,320,,,,
1981,13,330,,,,
1981,14,320,,,,
1981,15,320,,,,
1981,16,303,,,,
1981,17,,,,,
1981,18,270,,,,
1981,19,262,,,,
1981,20,,,,,
1981,21,,,,,
1981,22,240,,,,
1981,23,235,,,,
1982,0,234,267,,,
1982,1,230,267,,,
1982,2,230,267,,,
1982,3,230,268,,,
1982,4,230,268,,,
1982,5,250,269,,,
1982,6,256,270,,,
1982,7,270,271,,,
1982,8,280,271,,,
1982,9,297,271,,,
1982,10,310,272,,,
1982,11,320,272,,,
1982,12,328,272,,,
1982,13,330,272,,,
1982,14,330,272,,,
1982,15,320,272,,,
1982,16,310,272,,,
1982,17,290,272,,,
1982,18,270,272,,,
1982,19,260,272,,,
1982,20,240,272,,,
1982,21,240,272,,,
1982,22,240,272,,,
1982,23,230,272,,,
1983,0,230,,,,
1983,1,230,,,,
1983,2,230,,,,
1983,3,220,,,,
1983,4,225,,,,
1983,5,230,,,,
1983,6,248,,,,
1983,7,270,,,,
1983,8,280,,,,
1983,9,310,,,,
1983,10,320,,,,
1983,11,330,,,,
1983,12,330,,,,
1983,13,340,,,,
1983,14,340,,,,
1983,15,330,,,,
1983,16,320,,,,
1983,17,300,277,,,
1983,18,280,277,,,
1983,19,270,276,,,
1983,20,260,276,,,
1983,21,250,276,,,
1983,22,240,276,,,
1983,23,230,276,,,
1984,0,233,272,,,
1984,1,230,273,,,
1984,2,220,274,,,
1984,3,210,274,,,
1984,4,215,274,,,
1984,5,220,273,,,
1984,6,250,274,,,
1984,7,270,274,,,
1984,8,290,274,,,
1984,9,310,275,,,
1984,10,320,275,,,
1984,11,320,275,,,
1984,12,337,276,,,
1984,13,340,276,,,
1984,14,340,277,,,
1984,15,340,277,,,
1984,16,340,278,,,
1984,17,310,278,,,
1984,18,302,278,,,
1984,19,291,279,,,
1984,20,280,279,,,
1984,21,270,280,,,
1984,22,260,281,,,
1984,23,250,281,,,
1985,0,235,277,,,
1985,1,228,277,,,
1985,2,220,277,,,
1985,3,214,277,,,
1985,4,230,277,,,
1985,5,250,278,,,
1985,6,261,278,,,
1985,7,286,279,,,
1985,8,310,280,,,
1985,9,320,281,,,
1985,10,320,281,,,
1985,11,330,282,,,
1985,12,332,282,,,
1985,13,330,282,,,
1985,14,330,282,,,
1985,15,324,282,,,
1985,16,310,282,,,
1985,17,290,281,,,
1985,18,275,280,,,
1985,19,260,278,,,
1985,20,250,277,,,
1985,21,240,276,,,
1985,22,230,276,,,
1985,23,226,275,,,
1986,0,252,287,279,273,
1986,1,240,287,279,273,
1986,2,230,287,279,273,
1986,3,227,288,279,273,
1986,4,230,288,279,273,
1986,5,240,288,279,273,
1986,6,250,289,279,273,
1986,7,270,289,279,273,
1986,8,290,289,278,273,
1986,9,314,290,278,273,
1986,10,330,290,278,273,
1986,11,340,290,278,273,
1986,12,362,290,278,273,
1986,13,360,291,278,273,
1986,14,370,292,278,273,
1986,15,370,293,278,273,
1986,16,350,293,278,273,
1986,17,330,294,279,273,
1986,18,320,294,279,273,
1986,19,307,294,279,273,
1986,20,,,279,273,
1986,21,282,,279,273,
1986,22,270,,279,273,
1986,23,260,,279,273,
1987,0,208,273,271,,212
1987,1,220,273,271,,212
1987,2,218,273,271,,212
1987,3,215,270,271,,212
1987,4,220,271,271,,212
1987,5,220,271,271,,212
1987,6,226,270,271,,212
1987,7,240,269,271,,212
1987,8,260,269,271,,212
1987,9,294,269,271,,212
1987,10,320,270,271,,212
1987,11,330,271,271,,212
1987,12,350,272,271,,212
1987,13,350,273,271,,212
1987,14,350,273,271,,212
1987,15,340,274,272,,212
1987,16,330,274,272,,212
1987,17,320,274,272,,212
1987,18,295,274,272,,212
1987,19,280,274,272,,212
1987,20,270,275,272,,212
1987,21,270,276,272,,212
1987,22,260,276,272,,212
1987,23,240,276,272,,212
1988,0,233,278,289,,219
1988,1,232,278,289,,219
1988,2,230,279,289,,219
1988,3,232,279,289,,219
1988,4,230,280,288,,219
1988,5,250,280,288,,219
1988,6,232,280,288,,219
1988,7,240,279,288,,219
1988,8,280,279,288,,219
1988,9,302,279,288,,219
1988,10,320,279,287,,219
1988,11,350,280,287,,219
1988,12,350,281,287,,219
1988,13,350,281,287,,219
1988,14,350,282,287,,219
1988,15,350,282,286,,219
1988,16,340,283,286,,219
1988,17,320,283,286,,219
1988,18,306,283,286,,219
1988,19,300,284,286,,219
1988,20,280,284,285,,219
1988,21,266,285,285,,219
1988,22,250,285,285,,219
1988,23,240,285,285,,219
1989,0,250,287,,,
1989,1,240,288,,,
1989,2,240,289,,,
1989,3,234,289,,,
1989,4,247,290,,,
1989,5,,,,,
1989,6,272,,,,
1989,7,280,,,,
1989,8,310,,,,
1989,9,330,,,,
1989,10,340,,,,
1989,11,350,,,,
1989,12,358,,,,
1989,13,360,,,,
1989,14,350,,,,
1989,15,344,,,,
1989,16,332,,,,
1989,17,320,,,,
1989,18,300,,,,
1989,19,270,,,,
1989,20,270,,,,
1989,21,264,,,,
1989,22,250,,,,
1989,23,250,,,,
1990,0,238,279,,,
1990,1,230,278,,,
1990,2,226,278,,,
1990,3,221,278,,,
1990,4,226,278,,,
1990,5,230,277,,,
1990,6,251,277,,,
1990,7,260,277,,,
1990,8,280,276,,,
1990,9,303,276,,,
1990,10,320,277,,,
1990,11,284,275,,,
1990,12,338,275,,,
1990,13,339,276,,,
1990,14,340,276,,,
1990,15,328,276,,,
1990,16,320,276,,,
1990,17,300,276,,,
1990,18,284,275,,,
1990,19,270,275,,,
1990,20,260,274,,,
1990,21,253,275,,,
1990,22,250,275,,,
1990,23,240,275,,,
1991,0,236,,,,
1991,1,230,,,,
1991,2,224,,,,
1991,3,217,,,,
1991,4,210,,,,
1991,5,224,,,,
1991,6,238,,,,
1991,7,270,,,,
1991,8,290,,,,
1991,9,306,,,,
1991,10,320,,,,
1991,11,330,,,,
1991,12,334,,,,
1991,13,340,,,,
1991,14,332,,,,
1991,15,332,,,,
1991,16,320,,,,
1991,17,310,,,,
1991,18,304,,,,
1991,19,290,,,,
1991,20,290,,,,
1991,21,284,,,,
1991,22,280,,,,
1991,23,270,283,,,
1992,0,228,,,,
1992,1,225,,,,
1992,2,,,,,
1992,3,218,,,,
1992,4,220,,,,
1992,5,230,,,,
1992,6,253,,,,
1992,7,265,,,,
1992,8,,,,,
1992,9,288,,,,
1992,10,296,,,,
1992,11,,,,,
1992,12,311,,,,
1992,13,310,,,,
1992,14,310,,,,
1992,15,304,,,,
1992,16,300,,,,
1992,17,290,,,,
1992,18,274,,,,
1992,19,267,,,,
1992,20,260,,,,
1992,21,274,,,,
1992,22,240,,,,
1992,23,230,,,,
1993,0,210,,,,
1993,1,170,,,,
1993,2,185,,,,
1993,3,200,,,,
1993,4,210,,,,
1993,5,,,,,
1993,6,230,,,,
1993,7,242,,,,
1993,8,,,,,
1993,9,,,,,
1993,10,280,,,,
1993,11,310,,,,
1993,12,308,,,,
1993,13,310,,,,
1993,14,310,,,,
1993,15,302,,,,
1993,16,288,,,,
1993,17,,,,,
1993,18,259,,,,
1993,19,244,,,,
1993,20,230,,,,
1993,21,229,,,,
1993,22,220,,,,
1993,23,220,,,,
1994,0,236,,,,
1994,1,235,,,,
1994,2,,,,,
1994,3,232,,,,
1994,4,240,,,,
1994,5,240,,,,
1994,6,250,,,,
1994,7,270,,,,
1994,8,290,,,,
1994,9,300,,,,
1994,10,310,,,,
1994,11,318,,,,
1994,12,326,,,,
1994,13,326,,,,
1994,14,,,,,
1994,15,326,,,,
1994,16,313,,,,
1994,17,,,,,
1994,18,287,,,,
1994,19,270,,,,
1994,20,262,,,,
1994,21,254,,,,
1994,22,250,,,,
1994,23,240,,,,
1995,0,241,,,,
1995,1,240,,,,
1995,2,230,,,,
1995,3,228,,,,
1995,4,237,,,,
1995,5,,,,,
1995,6,254,,,,
1995,7,260,,,,
1995,8,280,,,,
1995,9,291,,,,
1995,10,305,,,,
1995,11,,,,,
1995,12,332,,,,
1995,13,330,,,,
1995,14,,,,,
1995,15,326,,,,
1995,16,320,,,,
1995,17,310,,,,
1995,18,292,,,,
1995,19,280,,,,
1995,20,270,,,,
1995,21,265,,,,
1995,22,260,,,,
1995,23,250,,,,
1996,0,237,,,,
1996,1,230,,,,
1996,2,240,,,,
1996,3,236,,,,
1996,4,240,,,,
1996,5,240,,,,
1996,6,250,,,,
1996,7,265,,,,
1996,8,,,,,
1996,9,296,,,,
1996,10,300,,,,
1996,11,312,,,,
1996,12,324,,,,
1996,13,323,,,,
1996,14,,,,,
1996,15,320,,,,
1996,16,309,,,,
1996,17,,,,,
1996,18,286,,,,
1996,19,276,,,,
1996,20,,,,,
1996,21,255,,,,
1996,22,250,,,,
1996,23,,,,,
1997,0,237,,,,
1997,1,230,,,,
1997,2,229,,,,
1997,3,228,,,,
1997,4,230,,,,
1997,5,240,,,,
1997,6,256,,,,
1997,7,268,,,,
1997,8,,,,,
1997,9,,,,,
1997,10,,,,,
1997,11,,,,,
1997,12,329,,,,
1997,13,330,,,,
1997,14,330,,,,
1997,15,326,,,,
1997,16,320,,,,
1997,17,310,,,,
1997,18,298,,,,
1997,19,280,,,,
1997,20,270,,,,
1997,21,268,,,,
1997,22,260,,,,
1997,23,240,,,,
1998,0,248,,,,
1998,1,240,,,,
1998,2,240,,,,
1998,3,237,,,,
1998,4,230,,,,
1998,5,250,,,,
1998,6,263,,,,
1998,7,285,,,,
1998,8,,,,,
1998,9,328,,,,
1998,10,334,,,,
1998,11,,,,,
1998,12,347,,,,
1998,13,350,,,,
1998,14,350,,,,
1998,15,350,,,,
1998,16,337,,,,
1998,17,,,,,
1998,18,312,,,,
1998,19,300,,,,
1998,20,,,,,
1998,21,277,,,,
1998,22,269,,,,
1998,23,,,,,
1999,0,267,304,293,280,
1999,1,260,304,293,280,
1999,2,260,304,293,280,
1999,3,260,305,293,280,
1999,4,260,305,293,280,
1999,5,280,306,294,280,
1999,6,290,306,294,280,
1999,7,310,307,294,280,
1999,8,325,307,294,280,
1999,9,358,309,294,280,
1999,10,375,310,295,280,
1999,11,390,312,295,280,
1999,12,406,313,295,280,
1999,13,390,314,296,280,
1999,14,365,314,296,280,
1999,15,351,314,296,281,
1999,16,340,314,296,281,
1999,17,324,314,296,281,
1999,18,318,314,296,281,
1999,19,310,315,296,281,
1999,20,297,315,296,281,
1999,21,284,315,296,281,
1999,22,275,315,296,281,
1999,23,265,315,296,281,
2000,0,242,282,298,285,221
2000,1,240,282,298,285,221
2000,2,230,281,298,285,221
2000,3,232,281,298,285,221
2000,4,230,281,298,285,221
2000,5,240,281,298,285,221
2000,6,250,281,298,285,221
2000,7,270,281,298,285,221
2000,8,290,280,297,285,221
2000,9,300,280,297,285,221
2000,10,310,279,297,285,221
2000,11,320,279,297,285,221
2000,12,324,279,296,285,221
2000,13,330,279,296,285,221
2000,14,330,279,296,285,221
2000,15,310,278,295,285,221
2000,16,310,278,295,284,221
2000,17,300,278,295,284,221
2000,18,284,277,294,284,221
2000,19,272,277,294,284,221
2000,20,260,276,294,284,221
2000,21,252,276,293,284,221
2000,22,240,276,293,284,221
2000,23,240,275,293,284,221
2001,0,252,291,297,,224
2001,1,240,290,297,,224
2001,2,240,290,297,,224
2001,3,240,290,297,,224
2001,4,240,290,297,,224
2001,5,246,290,297,,224
2001,6,252,290,297,,224
2001,7,280,290,297,,224
2001,8,300,290,297,,224
2001,9,316,290,297,,224
2001,10,330,291,297,,224
2001,11,340,291,297,,224
2001,12,349,291,297,,224
2001,13,350,292,297,,224
2001,14,350,292,297,,224
2001,15,346,292,297,,224
2001,16,330,291,297,,224
2001,17,320,291,297,,224
2001,18,304,291,297,,224
2001,19,290,291,297,,224
2001,20,280,291,297,,224
2001,21,268,291,297,,224
2001,22,260,291,297,,224
2001,23,250,291,297,,224
2002,0,260,294,301,,222
2002,1,250,294,301,,222
2002,2,250,294,301,,222
2002,3,249,294,301,,222
2002,4,250,294,301,,222
2002,5,260,294,301,,222
2002,6,270,294,301,,222
2002,7,280,294,300,,222
2002,8,310,295,300,,222
2002,9,326,296,300,,222
2002,10,350,297,300,,222
2002,11,360,298,300,,222
2002,12,368,300,300,,222
2002,13,370,301,300,,222
2002,14,370,302,299,,222
2002,15,361,303,299,,222
2002,16,350,303,299,,222
2002,17,340,304,299,,222
2002,18,328,305,299,,222
2002,19,320,306,299,,222
2002,20,300,306,299,,222
2002,21,297,307,299,,222
2002,22,290,307,299,,222
2002,23,280,308,299,,222
2003,0,237,272,271,290,
2003,1,240,273,271,290,
2003,2,240,273,271,290,
2003,3,234,274,271,290,
2003,4,240,275,271,290,
2003,5,250,276,271,290,
2003,6,254,276,271,290,
2003,7,270,276,271,290,
2003,8,280,276,271,290,
2003,9,298,276,271,289,
2003,10,310,276,271,289,
2003,11,330,277,271,289,
2003,12,336,277,271,289,
2003,13,340,278,271,289,
2003,14,340,279,272,289,
2003,15,330,279,272,289,
2003,16,320,280,272,289,
2003,17,300,280,272,289,
2003,18,280,279,272,289,
2003,19,270,279,272,289,
2003,20,270,280,272,289,
2003,21,252,280,272,289,
2003,22,250,280,272,289,
2003,23,240,280,272,289,
2004,0,249,307,304,,223
2004,1,250,306,304,,223
2004,2,250,305,304,,223
2004,3,242,304,304,,223
2004,4,240,304,304,,223
2004,5,260,302,305,,223
2004,6,276,301,305,,223
2004,7,290,301,305,,223
2004,8,310,300,305,,223
2004,9,318,299,305,,223
2004,10,330,298,305,,223
2004,11,340,297,305,,223
2004,12,338,295,305,,223
2004,13,330,293,305,,223
2004,14,320,291,305,,223
2004,15,318,289,305,,223
2004,16,310,288,305,,223
2004,17,290,287,305,,223
2004,18,276,286,305,,223
2004,19,270,285,305,,223
2004,20,260,285,305,,223
2004,21,257,285,305,,223
2004,22,250,284,305,,223
2004,23,240,284,304,,223
2005,0,247,278,294,284,223
2005,1,240,278,294,284,223
2005,2,240,278,294,284,223
2005,3,237,278,294,284,223
2005,4,240,278,294,284,223
2005,5,240,278,294,284,223
2005,6,253,278,294,284,223
2005,7,270,278,294,285,223
2005,8,280,278,294,285,223
2005,9,290,278,294,285,223
2005,10,310,278,294,285,223
2005,11,310,278,293,285,223
2005,12,316,278,293,285,223
2005,13,310,277,293,285,223
2005,14,310,277,293,285,223
2005,15,304,276,293,285,223
2005,16,290,275,292,285,223
2005,17,280,274,292,285,223
2005,18,273,273,292,285,223
2005,19,260,273,292,285,223
2005,20,260,272,292,285,223
2005,21,248,272,292,285,223
2005,22,240,271,292,285,223
2005,23,240,270,291,285,223
2006,0,250,282,287,287,223
2006,1,250,282,288,287,223
2006,2,240,282,288,287,223
2006,3,235,282,288,287,223
2006,4,240,282,288,287,223
2006,5,250,282,288,287,223
2006,6,258,282,288,287,223
2006,7,280,283,288,287,223
2006,8,290,283,288,287,223
2006,9,300,283,288,287,223
2006,10,310,283,288,287,223
2006,11,320,283,288,287,223
2006,12,330,283,288,287,223
2006,13,340,284,288,287,223
2006,14,340,284,288,287,223
2006,15,333,284,288,287,223
2006,16,320,284,288,287,223
2006,17,310,284,289,288,223
2006,18,298,285,289,288,223
2006,19,290,285,289,288,223
2006,20,290,285,289,288,223
2006,21,274,286,289,288,223
2006,22,270,286,289,288,223
2006,23,260,287,289,288,223
2007,0,238,276,286,295,223
2007,1,230,275,286,295,223
2007,2,230,275,286,295,223
2007,3,230,275,286,295,223
2007,4,230,274,286,295,223
2007,5,240,274,286,295,223
2007,6,250,274,286,295,223
2007,7,270,275,286,295,223
2007,8,270,275,286,295,223
2007,9,290,275,286,295,223
2007,10,310,275,285,295,223
2007,11,330,275,285,295,223
2007,12,342,276,285,295,223
2007,13,350,277,285,295,223
2007,14,350,278,285,295,223
2007,15,344,279,285,295,223
2007,16,330,279,285,295,223
2007,17,320,280,285,295,223
2007,18,300,280,285,295,223
2007,19,290,281,285,295,223
2007,20,270,282,285,295,223
2007,21,264,282,285,295,223
2007,22,260,282,285,295,223
2007,23,250,283,284,295,223
2008,0,253,295,297,297,228
2008,1,250,295,297,298,228
2008,2,240,295,297,298,228
2008,3,240,295,297,298,228
2008,4,240,294,297,298,228
2008,5,250,294,297,298,228
2008,6,258,294,297,298,228
2008,7,280,294,297,298,228
2008,8,310,295,298,298,228
2008,9,320,295,298,298,228
2008,10,330,296,298,298,228
2008,11,350,296,298,298,228
2008,12,360,297,298,298,228
2008,13,370,297,298,298,228
2008,14,370,298,298,298,228
2008,15,368,299,298,298,228
2008,16,360,299,298,298,228
2008,17,350,301,298,298,228
2008,18,330,302,298,298,228
2008,19,320,302,298,298,228
2008,20,310,303,298,298,228
2008,21,292,304,298,298,228
2008,22,280,304,298,299,228
2008,23,280,305,298,299,228
2009,0,254,290,306,305,234
2009,1,250,290,306,305,234
2009,2,240,289,306,305,234
2009,3,240,289,306,305,234
2009,4,240,288,306,305,234
2009,5,250,288,306,305,234
2009,6,262,287,306,305,234
2009,7,270,287,306,305,234
2009,8,280,287,306,305,234
2009,9,297,287,305,305,234
2009,10,310,287,305,305,234
2009,11,320,287,305,305,234
2009,12,330,287,305,305,234
2009,13,340,287,305,305,234
2009,14,340,287,305,305,234
2009,15,337,287,305,305,234
2009,16,330,287,305,305,234
2009,17,320,287,305,305,234
2009,18,308,287,305,305,234
2009,19,300,287,305,305,234
2009,20,300,288,305,305,234
2009,21,286,289,305,305,234
2009,22,280,289,305,305,234
2009,23,270,290,305,305,234
2010,0,268,297,283,295,239
2010,1,260,298,284,295,239
2010,2,260,298,284,295,239
2010,3,259,299,284,295,239
2010,4,260,299,284,295,239
2010,5,270,300,284,295,239
2010,6,278,300,284,295,239
2010,7,290,301,284,295,239
2010,8,310,301,285,295,239
2010,9,330,302,285,295,239
2010,10,330,301,285,295,239
2010,11,350,302,285,295,239
2010,12,354,302,285,295,239
2010,13,360,302,285,295,239
2010,14,360,303,285,295,239
2010,15,354,303,285,295,239
2010,16,350,304,285,295,239
2010,17,330,304,285,295,239
2010,18,323,305,286,295,239
2010,19,310,305,286,295,239
2010,20,300,306,286,295,239
2010,21,286,306,286,295,239
2010,22,280,306,286,295,239
2010,23,260,305,286,295,239
2011,0,252,296,299,279,232
2011,1,240,295,299,279,232
2011,2,240,294,299,279,232
2011,3,237,294,299,279,232
2011,4,230,294,298,279,232
2011,5,240,294,298,279,232
2011,6,253,294,298,279,232
2011,7,270,293,298,279,232
2011,8,290,293,297,279,232
2011,9,314,293,297,279,232
2011,10,330,293,297,279,232
2011,11,340,292,297,279,232
2011,12,346,292,297,279,232
2011,13,350,291,297,279,232
2011,14,350,291,297,280,232
2011,15,340,290,297,280,232
2011,16,330,290,297,280,232
2011,17,310,289,297,280,232
2011,18,304,289,297,280,232
2011,19,290,288,296,280,232
2011,20,280,288,296,280,232
2011,21,278,288,296,280,232
2011,22,270,289,296,280,232
2011,23,260,289,296,280,232
2012,0,282,326,307,298,220
2012,1,270,326,307,298,220
2012,2,270,327,307,298,220
2012,3,262,327,307,298,220
2012,4,250,326,307,299,220
2012,5,250,325,307,299,220
2012,6,253,322,307,299,220
2012,7,280,320,307,299,220
2012,8,310,319,307,299,220
2012,9,329,317,307,299,220
2012,10,350,317,308,299,220
2012,11,360,316,308,299,220
2012,12,376,316,308,299,220
2012,13,380,316,308,299,220
2012,14,390,316,308,299,220
2012,15,375,316,308,299,220
2012,16,360,316,309,299,220
2012,17,350,316,309,299,220
2012,18,332,315,309,299,220
2012,19,320,315,309,299,220
2012,20,310,315,309,299,220
2012,21,300,315,309,299,220
2012,22,290,314,309,299,220
2012,23,290,314,310,299,220
2013,0,240,281,275,277,231
2013,1,240,282,275,277,231
2013,2,230,281,275,277,231
2013,3,230,281,275,277,231
2013,4,230,281,275,277,231
2013,5,240,281,275,277,231
2013,6,251,281,275,277,231
2013,7,270,282,275,278,231
2013,8,280,281,275,278,231
2013,9,294,281,275,278,231
2013,10,310,281,276,278,231
2013,11,320,281,276,278,231
2013,12,326,280,276,278,231
2013,13,330,280,276,278,231
2013,14,330,279,276,278,231
2013,15,324,279,276,278,231
2013,16,310,278,276,278,231
2013,17,300,277,276,278,231
2013,18,286,277,276,278,231
2013,19,270,276,276,278,231
2013,20,260,276,276,278,231
2013,21,255,276,276,278,231
2013,22,240,275,276,278,231
2013,23,240,275,276,278,231
2014,0,230,274,,,225
2014,1,230,274,,,225
2014,2,230,274,,,225
2014,3,226,274,,,225
2014,4,230,274,,,225
2014,5,240,274,,,225
2014,6,255,274,,,225
2014,7,270,274,,,225
2014,8,290,275,,,225
2014,9,297,275,,,225
2014,10,320,275,,,225
2014,11,330,276,,,225
2014,12,329,276,,,225
2014,13,330,276,,,225
2014,14,330,276,,,225
2014,15,328,276,,,225
2014,16,320,276,,,225
2014,17,310,277,,,225
2014,18,290,277,,,225
2014,19,280,277,,,225
2014,20,260,277,,,225
2014,21,256,278,,,225
2014,22,250,278,,,225
2014,23,240,278,,,225
2015,0,216,288,282,275,223
2015,1,250,288,282,275,223
2015,2,240,288,282,275,223
2015,3,238,288,282,275,223
2015,4,240,289,282,275,223
2015,5,250,290,282,275,223
2015,6,266,291,282,275,223
2015,7,290,292,282,276,223
2015,8,310,293,282,276,223
2015,9,323,294,282,276,223
2015,10,340,294,282,276,223
2015,11,340,294,282,276,223
2015,12,349,294,282,276,223
2015,13,350,294,282,276,223
2015,14,350,295,282,276,223
2015,15,346,295,283,276,223
2015,16,340,295,283,276,223
2015,17,330,295,283,276,223
2015,18,324,295,283,276,223
2015,19,300,295,283,276,223
2015,20,290,295,283,276,223
2015,21,289,295,283,276,223
2015,22,280,296,283,276,223
2015,23,270,297,283,276,223
2016,0,278,318,308,303,241
2016,1,270,318,308,303,241
2016,2,260,318,308,303,241
2016,3,259,318,308,304,241
2016,4,270,318,308,304,241
2016,5,280,317,309,304,241
2016,6,299,316,309,304,241
2016,7,320,316,309,304,241
2016,8,330,316,309,304,241
2016,9,340,315,309,304,241
2016,10,350,315,309,304,241
2016,11,350,315,310,304,241
2016,12,353,315,310,304,241
2016,13,360,315,310,304,241
2016,14,360,315,310,304,241
2016,15,356,315,310,304,241
2016,16,350,315,310,304,241
2016,17,330,314,310,304,241
2016,18,326,314,310,304,241
2016,19,300,313,310,304,241
2016,20,290,312,310,304,241
2016,21,281,312,310,305,241
2016,22,270,311,310,305,241
2016,23,270,310,310,305,241
2017,0,298,339,316,305,232
2017,1,290,339,316,305,232
2017,2,280,338,317,305,232
2017,3,279,338,317,305,232
2017,4,280,338,317,305,232
2017,5,290,338,317,305,232
2017,6,305,337,317,306,232
2017,7,330,337,318,306,232
2017,8,350,336,318,306,232
2017,9,366,335,318,306,232
2017,10,370,335,318,306,232
2017,11,380,335,318,306,232
2017,12,384,334,318,306,232
2017,13,380,333,319,306,232
2017,14,380,333,319,306,232
2017,15,380,333,319,306,232
2017,16,360,332,319,306,232
2017,17,350,332,319,306,232
2017,18,340,332,319,306,232
2017,19,320,331,319,306,232
2017,20,310,331,319,306,232
2017,21,304,331,319,306,232
2017,22,290,330,319,306,232
2017,23,280,329,319,306,232
2018,0,264,307,300,302,242
2018,1,250,306,299,302,242
2018,2,250,306,299,302,242
2018,3,264,306,299,301,242
2018,4,260,306,299,301,242
2018,5,260,305,299,301,242
2018,6,273,304,299,301,242
2018,7,280,304,299,301,242
2018,8,290,304,299,301,242
2018,9,319,304,298,301,242
2018,10,330,303,298,301,242
2018,11,350,303,298,301,242
2018,12,358,303,298,301,242
2018,13,360,303,298,301,242
2018,14,370,303,298,301,242
2018,15,366,303,298,301,242
2018,16,350,303,298,301,242
2018,17,330,303,298,301,242
2018,18,312,303,298,301,242
2018,19,300,303,298,301,242
2018,20,280,302,298,301,242
2018,21,272,302,298,300,242
2018,22,260,301,298,300,242
2018,23,260,300,298,300,242
2019,0,272,299,306,304,233
2019,1,270,299,306,304,233
2019,2,260,299,306,304,233
2019,3,262,300,306,304,233
2019,4,260,300,306,304,233
2019,5,270,300,306,304,233
2019,6,287,301,306,304,233
2019,7,300,301,306,304,233
2019,8,320,302,306,304,233
2019,9,338,303,306,304,233
2019,10,350,304,306,304,233
2019,11,370,304,306,304,233
2019,12,377,306,306,304,233
2019,13,380,307,306,304,233
2019,14,380,309,306,304,233
2019,15,387,311,307,304,233
2019,16,380,313,307,304,233
2019,17,380,316,307,304,233
2019,18,370,318,307,304,233
2019,19,360,321,307,304,233
2019,20,350,323,308,304,233
2019,21,353,326,308,305,233
2019,22,350,329,308,305,233
2019,23,360,333,309,305,233
2020,0,240,285,288,289,229
2020,1,240,285,288,289,229
2020,2,240,284,288,289,229
2020,3,237,283,288,289,229
2020,4,230,282,288,289,229
2020,5,240,282,287,289,229
2020,6,253,282,287,289,229
2020,7,260,282,287,289,229
2020,8,280,281,287,289,229
2020,9,286,280,287,289,228
2020,10,300,280,287,289,228
2020,11,310,279,287,289,228
2020,12,320,278,287,289,228
2020,13,320,277,287,289,228
2020,14,320,276,287,289,228
2020,15,319,276,287,289,228
2020,16,310,275,287,289,228
2020,17,290,274,287,289,228
2020,18,278,274,287,289,228
2020,19,270,273,287,289,228
2020,20,260,273,286,289,228
2020,21,250,273,286,289,228
2020,22,240,272,286,289,228
2020,23,240,272,286,289,228
2021,0,286,315,300,295,
2021,1,270,315,300,295,
2021,2,260,315,300,296,
2021,3,262,316,300,296,
2021,4,260,316,300,296,
2021,5,270,316,300,296,
2021,6,281,317,300,296,
2021,7,300,317,300,296,
2021,8,310,317,300,296,
2021,9,335,318,300,296,
2021,10,350,318,300,296,
2021,11,370,319,300,296,
2021,12,380,320,300,296,
2021,13,390,320,300,296,
2021,14,390,321,300,296,
2021,15,381,322,301,296,
2021,16,370,322,301,297,
2021,17,360,322,301,297,
2021,18,350,322,301,297,
2021,19,330,322,301,297,
2021,20,320,322,302,297,
2021,21,310,322,302,297,
2021,22,300,322,302,297,
2021,23,300,322,302,297,
2022,0,252,278,280,287,229
2022,1,250,279,280,287,229
2022,2,250,280,280,287,229
2022,3,243,280,280,287,229
2022,4,240,281,280,287,229
2022,5,250,281,280,287,229
2022,6,251,281,280,287,229
2022,7,260,281,280,287,229
2022,8,270,280,280,287,229
2022,9,289,281,280,287,229
2022,10,300,281,280,287,229
2022,11,310,281,280,287,229
2022,12,310,281,280,287,229
2022,13,320,280,279,287,229
2022,14,320,280,279,287,229
2022,15,322,280,279,287,229
2022,16,310,280,279,287,229
2022,17,310,280,279,287,229
2022,18,295,280,279,287,229
2022,19,280,279,278,287,229
2022,20,270,279,278,287,229
2022,21,261,278,278,287,229
2022,22,250,278,278,287,229
2022,23,250,278,278,287,229
