year,hour,obs,D1,D7,D30,D365
1945,0,,,,,
1945,1,,,,,
1945,2,,,,,
1945,3,,,,,
1945,4,,,,,
1945,5,,,,,
1945,6,,,,,
1945,7,,,,,
1945,8,,,,,
1945,9,,,,,
1945,10,202,,,,
1945,11,202,,,,
1945,12,218,,,,
1945,13,257,,,,
1945,14,280,,,,
1945,15,291,,,,
1945,16,280,,,,
1945,17,285,,,,
1945,18,318,,,,
1945,19,318,,,,
1945,20,313,,,,
1945,21,313,,,,
1945,22,296,,,,
1945,23,213,,,,
1946,0,,,,,
1946,1,,,,,
1946,2,,,,,
1946,3,,,,,
1946,4,,,,,
1946,5,,,,,
1946,6,,,,,
1946,7,,,,,
1946,8,,,,,
1946,9,,,,,
1946,10,,,,,
1946,11,,,,,
1946,12,,,,,
1946,13,,,,,
1946,14,,,,,
1946,15,,,,,
1946,16,,,,,
1946,17,,,,,
1946,18,,,,,
1946,19,,,,,
1946,20,,,,,
1946,21,,,,,
1946,22,,,,,
1946,23,,,,,
1947,0,,,,,
1947,1,,,,,
1947,2,,,,,
1947,3,,,,,
1947,4,,,,,
1947,5,,,,,
1947,6,,,,,
1947,7,,,,,
1947,8,,,,,
1947,9,,,,,
1947,10,,,,,
1947,11,,,,,
1947,12,,,,,
1947,13,,,,,
1947,14,,,,,
1947,15,,,,,
1947,16,,,,,
1947,17,,,,,
1947,18,,,,,
1947,19,,,,,
1947,20,,,,,
1947,21,,,,,
1947,22,,,,,
1947,23,,,,,
1948,0,,,,,
1948,1,,,,,
1948,2,,,,,
1948,3,,,,,
1948,4,,,,,
1948,5,,,,,
1948,6,,,,,
1948,7,,,,,
1948,8,,,,,
1948,9,,,,,
1948,10,,,,,
1948,11,,,,,
1948,12,,,,,
1948,13,,,,,
1948,14,,,,,
1948,15,,,,,
1948,16,,,,,
1948,17,,,,,
1948,18,,,,,
1948,19,,,,,
1948,20,,,,,
1948,21,,,,,
1948,22,,,,,
1948,23,,,,,
1949,0,285,236,240,243,
1949,1,268,238,240,243,
1949,2,257,239,240,243,
1949,3,252,240,240,243,
1949,4,246,241,241,243,
1949,5,224,242,241,243,
1949,6,218,243,241,243,
1949,7,218,244,241,243,
1949,8,213,246,241,243,
1949,9,213,248,241,243,
1949,10,213,251,241,243,
1949,11,224,254,241,243,
1949,12,241,256,241,243,
1949,13,257,258,242,243,
1949,14,274,260,242,243,
1949,15,285,261,242,243,
1949,16,296,263,243,243,
1949,17,302,263,243,243,
1949,18,307,264,243,243,
1949,19,318,264,244,243,
1949,20,257,261,244,243,
1949,21,241,259,244,243,
1949,22,252,257,244,243,
1949,23,257,255,244,243,
1950,0,218,217,216,210,110
1950,1,202,216,215,210,110
1950,2,196,215,215,210,110
1950,3,191,214,215,210,110
1950,4,185,213,214,210,110
1950,5,180,212,214,210,110
1950,6,180,211,214,210,110
1950,7,180,210,213,210,110
1950,8,174,210,213,210,110
1950,9,174,209,213,210,110
1950,10,169,208,212,209,110
1950,11,180,207,212,209,110
1950,12,180,207,212,209,110
1950,13,191,206,212,209,110
1950,14,207,206,212,209,110
1950,15,213,206,211,209,110
1950,16,224,206,211,209,110
1950,17,241,206,211,209,110
1950,18,241,207,211,209,110
1950,19,241,207,211,209,110
1950,20,246,206,211,209,110
1950,21,252,207,211,209,110
1950,22,252,207,211,209,110
1950,23,241,207,210,209,110
1951,0,241,217,222,222,103
1951,1,213,217,222,221,103
1951,2,202,216,222,221,103
1951,3,185,215,222,221,103
1951,4,180,214,221,221,103
1951,5,174,213,221,221,103
1951,6,169,212,221,221,103
1951,7,163,212,221,221,103
1951,8,152,210,220,221,103
1951,9,152,209,220,221,103
1951,10,146,208,220,221,103
1951,11,152,207,220,221,103
1951,12,174,207,219,221,103
1951,13,207,207,219,221,103
1951,14,235,209,219,221,103
1951,15,252,210,219,221,103
1951,16,268,211,219,221,103
1951,17,285,212,219,221,103
1951,18,291,214,219,221,103
1951,19,296,216,219,221,103
1951,20,302,217,219,221,103
1951,21,302,219,219,221,103
1951,22,302,221,220,221,103
1951,23,285,222,220,222,103
1952,0,235,224,265,246,110
1952,1,218,222,264,246,110
1952,2,191,219,264,246,110
1952,3,185,217,264,246,110
1952,4,180,215,263,246,110
1952,5,169,212,263,246,110
1952,6,163,210,262,246,110
1952,7,157,208,262,246,110
1952,8,152,207,261,245,110
1952,9,135,205,261,245,110
1952,10,135,203,260,245,110
1952,11,146,202,259,245,110
1952,12,174,201,259,245,110
1952,13,191,200,259,245,110
1952,14,224,200,258,245,110
1952,15,235,201,258,245,110
1952,16,252,202,258,244,110
1952,17,263,203,257,244,110
1952,18,274,204,257,244,110
1952,19,280,206,257,244,110
1952,20,291,208,257,244,110
1952,21,296,210,257,244,110
1952,22,296,212,257,244,110
1952,23,291,214,257,244,110
1953,0,200,196,233,224,113
1953,1,183,194,233,224,113
1953,2,172,193,232,224,113
1953,3,156,190,231,224,113
1953,4,144,188,231,224,113
1953,5,139,186,230,224,113
1953,6,128,184,230,224,113
1953,7,122,182,229,224,113
1953,8,111,180,228,224,113
1953,9,111,178,228,224,113
1953,10,106,177,227,224,113
1953,11,117,175,226,223,113
1953,12,139,174,226,223,113
1953,13,167,173,225,223,113
1953,14,200,174,225,223,113
1953,15,217,175,225,223,113
1953,16,228,176,224,223,113
1953,17,239,178,224,223,113
1953,18,256,179,224,223,113
1953,19,261,180,224,223,113
1953,20,272,182,224,223,113
1953,21,278,184,225,223,113
1953,22,272,185,225,223,113
1953,23,272,187,225,222,113
1954,0,244,208,222,217,113
1954,1,222,208,222,217,113
1954,2,211,209,222,218,113
1954,3,200,210,222,218,113
1954,4,194,211,222,218,113
1954,5,167,210,222,218,113
1954,6,161,210,222,217,113
1954,7,156,210,222,217,113
1954,8,150,211,222,217,113
1954,9,139,211,221,217,113
1954,10,144,211,221,217,113
1954,11,156,211,221,217,113
1954,12,189,212,221,217,113
1954,13,211,212,221,217,113
1954,14,233,213,221,217,113
1954,15,256,214,221,217,113
1954,16,267,215,221,217,113
1954,17,272,216,221,217,113
1954,18,278,216,221,217,113
1954,19,278,216,220,217,113
1954,20,283,217,220,217,113
1954,21,267,217,220,217,113
1954,22,278,217,220,217,113
1954,23,261,217,220,217,113
1955,0,256,233,242,233,111
1955,1,244,234,242,233,111
1955,2,233,234,242,233,111
1955,3,217,234,242,233,111
1955,4,211,234,242,233,111
1955,5,200,233,242,233,111
1955,6,194,232,242,233,111
1955,7,189,231,241,233,111
1955,8,183,230,241,233,111
1955,9,178,228,241,233,111
1955,10,172,227,241,234,111
1955,11,178,226,241,234,111
1955,12,183,224,240,234,111
1955,13,217,225,240,234,111
1955,14,228,225,240,234,111
1955,15,250,227,240,234,111
1955,16,261,227,240,234,111
1955,17,267,228,240,234,111
1955,18,272,229,240,234,111
1955,19,283,229,240,234,111
1955,20,289,230,240,234,111
1955,21,294,231,241,234,111
1955,22,294,232,241,235,111
1955,23,283,232,242,235,111
1956,0,233,209,207,212,101
1956,1,217,209,207,212,101
1956,2,211,210,207,212,101
1956,3,206,210,207,212,101
1956,4,194,210,208,212,101
1956,5,189,210,208,212,101
1956,6,194,211,208,212,101
1956,7,189,211,208,212,101
1956,8,194,212,209,212,101
1956,9,189,212,209,212,101
1956,10,189,213,209,212,102
1956,11,194,214,210,212,102
1956,12,194,215,210,212,102
1956,13,211,215,210,212,101
1956,14,233,217,210,212,101
1956,15,250,218,211,212,101
1956,16,244,219,211,212,101
1956,17,244,219,211,212,101
1956,18,261,220,211,212,101
1956,19,267,221,211,212,101
1956,20,272,222,211,212,101
1956,21,278,223,212,212,101
1956,22,272,224,212,212,101
1956,23,261,224,212,212,101
1957,0,222,185,245,219,111
1957,1,206,185,245,219,111
1957,2,194,186,244,219,111
1957,3,183,186,244,219,111
1957,4,178,187,244,219,111
1957,5,172,188,244,218,111
1957,6,161,188,243,218,111
1957,7,156,189,243,218,111
1957,8,139,189,243,218,111
1957,9,133,189,243,218,111
1957,10,128,189,242,218,111
1957,11,133,189,242,218,111
1957,12,156,190,242,218,111
1957,13,172,190,242,218,111
1957,14,200,191,241,218,111
1957,15,206,191,241,218,110
1957,16,217,191,241,218,110
1957,17,228,192,241,218,110
1957,18,233,192,240,218,110
1957,19,233,192,240,218,110
1957,20,250,192,240,218,110
1957,21,250,193,239,218,110
1957,22,250,193,239,218,110
1957,23,244,193,239,218,110
1958,0,194,212,204,218,99
1958,1,200,211,204,218,99
1958,2,194,210,203,218,99
1958,3,194,209,203,218,99
1958,4,189,209,203,218,99
1958,5,183,208,203,218,99
1958,6,178,207,203,218,99
1958,7,172,207,203,218,99
1958,8,172,206,203,218,99
1958,9,172,205,203,218,99
1958,10,167,205,203,218,99
1958,11,167,204,203,218,99
1958,12,167,203,203,218,99
1958,13,172,202,203,217,99
1958,14,183,201,203,217,99
1958,15,200,200,203,217,99
1958,16,222,199,203,217,99
1958,17,244,199,203,217,99
1958,18,250,199,203,217,99
1958,19,250,198,203,217,99
1958,20,256,198,203,217,99
1958,21,250,199,203,217,99
1958,22,261,201,203,217,99
1958,23,256,204,203,217,99
1959,0,244,239,238,229,101
1959,1,233,239,238,229,101
1959,2,217,239,238,229,101
1959,3,211,238,238,229,101
1959,4,211,237,238,229,101
1959,5,206,236,238,229,102
1959,6,211,235,238,229,102
1959,7,206,234,238,229,102
1959,8,200,233,238,229,102
1959,9,200,233,238,229,102
1959,10,189,231,238,229,102
1959,11,183,230,238,229,102
1959,12,183,228,237,229,102
1959,13,189,227,237,229,102
1959,14,189,226,237,228,102
1959,15,200,225,237,228,102
1959,16,206,223,236,228,102
1959,17,217,222,236,228,102
1959,18,222,220,235,228,102
1959,19,228,217,235,228,102
1959,20,222,215,235,228,102
1959,21,228,214,234,228,102
1959,22,233,212,234,228,102
1959,23,228,211,234,228,102
1960,0,250,228,207,198,100
1960,1,222,227,207,198,100
1960,2,206,226,207,198,100
1960,3,200,225,207,198,100
1960,4,189,225,207,198,100
1960,5,178,224,207,198,100
1960,6,172,223,207,198,100
1960,7,161,221,207,198,100
1960,8,150,220,207,198,100
1960,9,150,219,207,199,100
1960,10,139,217,207,199,100
1960,11,144,217,207,199,100
1960,12,161,216,207,199,100
1960,13,183,215,207,199,100
1960,14,206,213,207,199,100
1960,15,233,213,207,199,100
1960,16,256,213,207,199,100
1960,17,272,213,207,199,100
1960,18,272,213,207,199,100
1960,19,283,214,207,199,100
1960,20,283,214,207,199,100
1960,21,283,214,207,199,100
1960,22,283,214,207,199,100
1960,23,272,214,207,199,100
1961,0,261,234,229,204,95
1961,1,244,233,229,205,95
1961,2,228,232,229,205,95
1961,3,222,231,230,205,95
1961,4,222,230,230,205,95
1961,5,217,230,230,205,95
1961,6,211,230,231,205,95
1961,7,200,229,231,205,95
1961,8,194,229,231,206,95
1961,9,194,228,231,206,95
1961,10,189,228,232,206,95
1961,11,194,228,232,206,95
1961,12,200,228,232,206,95
1961,13,228,228,233,206,95
1961,14,244,228,233,206,95
1961,15,256,228,233,206,95
1961,16,256,227,233,207,95
1961,17,272,229,233,207,95
1961,18,278,232,233,207,95
1961,19,289,235,233,207,95
1961,20,283,236,234,207,95
1961,21,283,237,234,207,95
1961,22,278,238,234,208,95
1961,23,261,238,234,208,95
1962,0,217,188,215,218,106
1962,1,200,188,215,218,106
1962,2,183,188,215,218,106
1962,3,172,188,215,218,106
1962,4,172,187,214,218,106
1962,5,172,187,214,218,106
1962,6,161,187,214,218,106
1962,7,156,187,214,218,106
1962,8,150,186,214,218,106
1962,9,150,186,213,218,106
1962,10,150,185,213,218,106
1962,11,150,185,213,218,106
1962,12,161,185,213,218,106
1962,13,189,187,213,218,106
1962,14,211,188,213,218,106
1962,15,228,190,213,218,106
1962,16,239,193,213,218,106
1962,17,256,195,213,218,106
1962,18,272,198,213,218,106
1962,19,267,200,213,218,106
1962,20,256,201,213,218,106
1962,21,267,202,213,218,106
1962,22,267,203,213,218,106
1962,23,256,204,212,218,106
1963,0,272,226,224,216,89
1963,1,256,228,224,216,89
1963,2,239,229,224,216,89
1963,3,233,230,224,216,89
1963,4,206,231,224,216,89
1963,5,211,232,224,216,89
1963,6,206,233,224,216,89
1963,7,200,234,224,216,89
1963,8,183,235,223,216,89
1963,9,178,235,223,216,89
1963,10,172,235,223,217,89
1963,11,183,237,223,217,89
1963,12,200,237,223,217,89
1963,13,222,238,223,217,89
1963,14,244,239,223,217,89
1963,15,267,240,223,217,89
1963,16,278,240,223,217,89
1963,17,283,240,223,217,89
1963,18,300,241,223,217,89
1963,19,294,241,223,217,89
1963,20,300,241,223,217,89
1963,21,306,242,223,217,89
1963,22,289,242,222,216,89
1963,23,294,242,222,216,89
1964,0,261,252,251,220,103
1964,1,244,252,251,220,103
1964,2,233,251,251,220,103
1964,3,233,251,251,220,103
1964,4,228,251,251,221,103
1964,5,217,250,251,221,103
1964,6,217,250,251,221,103
1964,7,206,250,251,221,103
1964,8,200,250,251,221,103
1964,9,194,249,251,221,103
1964,10,194,248,251,221,103
1964,11,194,247,251,221,103
1964,12,200,246,251,222,103
1964,13,222,246,251,222,103
1964,14,239,245,251,222,103
1964,15,256,244,251,222,103
1964,16,261,243,251,222,103
1964,17,272,243,251,222,103
1964,18,283,242,251,222,103
1964,19,289,242,251,222,103
1964,20,294,241,251,222,103
1964,21,294,242,251,222,103
1964,22,294,242,251,222,103
1964,23,289,242,251,223,103
1965,0,244,241,198,211,103
1965,1,233,241,198,211,103
1965,2,222,240,198,211,103
1965,3,217,240,198,212,103
1965,4,217,239,198,212,103
1965,5,222,240,199,212,103
1965,6,217,240,199,212,103
1965,7,217,241,199,212,103
1965,8,211,242,199,212,103
1965,9,211,242,200,212,103
1965,10,211,243,200,213,103
1965,11,211,243,200,213,103
1965,12,211,243,200,213,103
1965,13,217,242,200,213,103
1965,14,222,241,200,213,103
1965,15,228,239,201,213,103
1965,16,233,237,201,213,103
1965,17,250,234,201,213,103
1965,18,261,232,201,213,103
1965,19,267,230,202,214,103
1965,20,278,228,202,214,103
1965,21,283,231,202,214,103
1965,22,272,233,202,214,103
1965,23,267,234,202,214,103
1966,0,233,222,227,246,102
1966,1,217,220,226,246,102
1966,2,206,219,226,246,102
1966,3,200,217,226,246,102
1966,4,194,216,226,246,102
1966,5,189,215,226,246,102
1966,6,183,213,225,246,102
1966,7,183,212,225,246,102
1966,8,172,211,225,246,102
1966,9,178,210,225,246,102
1966,10,167,209,225,246,102
1966,11,167,208,225,245,102
1966,12,183,207,225,245,102
1966,13,200,207,225,245,102
1966,14,228,208,225,245,102
1966,15,272,210,225,245,102
1966,16,283,213,224,245,102
1966,17,300,216,224,245,102
1966,18,306,220,224,245,102
1966,19,311,224,224,245,102
1966,20,322,227,224,245,102
1966,21,311,230,224,245,102
1966,22,300,231,224,245,102
1966,23,300,234,224,245,102
1967,0,233,240,219,213,103
1967,1,222,238,220,212,103
1967,2,222,237,220,212,103
1967,3,233,237,220,212,103
1967,4,233,237,220,212,103
1967,5,228,237,221,212,103
1967,6,222,236,221,212,103
1967,7,222,236,221,212,103
1967,8,217,236,222,212,103
1967,9,217,236,222,212,103
1967,10,217,236,223,212,103
1967,11,206,236,223,212,103
1967,12,217,235,224,212,103
1967,13,222,235,224,212,103
1967,14,244,235,224,212,103
1967,15,256,234,224,212,103
1967,16,256,233,224,212,103
1967,17,267,232,224,212,103
1967,18,272,231,224,213,103
1967,19,289,232,224,213,103
1967,20,300,236,224,213,103
1967,21,306,240,224,213,103
1967,22,300,243,224,213,103
1967,23,283,245,224,213,103
1968,0,239,250,234,222,94
1968,1,233,249,234,222,94
1968,2,211,247,233,222,94
1968,3,211,246,233,222,94
1968,4,211,246,233,222,94
1968,5,206,245,233,222,94
1968,6,211,244,233,222,94
1968,7,211,243,233,222,94
1968,8,211,242,233,222,94
1968,9,211,242,233,222,94
1968,10,206,241,233,222,94
1968,11,211,240,233,222,94
1968,12,211,239,233,222,94
1968,13,211,237,233,222,94
1968,14,211,234,233,222,94
1968,15,217,231,232,222,94
1968,16,222,228,232,222,94
1968,17,228,228,231,222,94
1968,18,233,225,231,222,94
1968,19,244,222,230,222,94
1968,20,250,221,230,222,94
1968,21,250,222,230,222,94
1968,22,244,222,229,222,94
1968,23,244,222,229,222,94
1969,0,244,225,231,231,100
1969,1,233,225,231,231,100
1969,2,228,225,231,231,100
1969,3,222,225,231,231,100
1969,4,211,225,231,231,100
1969,5,200,225,230,231,100
1969,6,194,224,230,231,100
1969,7,194,224,230,231,100
1969,8,194,224,230,231,100
1969,9,189,224,230,231,100
1969,10,183,224,230,231,100
1969,11,178,223,229,231,100
1969,12,194,223,229,231,100
1969,13,217,224,229,231,100
1969,14,228,224,229,231,100
1969,15,239,224,228,231,100
1969,16,256,226,228,231,100
1969,17,267,227,228,231,100
1969,18,278,228,228,231,100
1969,19,272,229,227,231,100
1969,20,283,229,228,231,100
1969,21,283,230,228,231,100
1969,22,278,230,228,231,100
1969,23,272,231,228,231,100
1970,0,267,231,200,209,96
1970,1,250,232,200,209,96
1970,2,239,233,200,209,96
1970,3,233,235,201,209,96
1970,4,228,236,201,209,96
1970,5,222,237,201,209,96
1970,6,217,238,201,209,96
1970,7,206,239,201,209,96
1970,8,200,240,201,209,96
1970,9,189,240,201,209,96
1970,10,183,240,202,209,96
1970,11,183,240,202,209,96
1970,12,200,240,202,209,96
1970,13,222,240,202,209,96
1970,14,244,242,202,209,96
1970,15,256,242,202,209,96
1970,16,261,242,202,209,96
1970,17,272,241,202,210,96
1970,18,267,240,202,210,96
1970,19,283,240,202,210,96
1970,20,283,239,202,210,96
1970,21,294,240,202,210,96
1970,22,289,240,203,210,96
1970,23,278,240,203,210,96
1971,0,211,210,204,225,101
1971,1,206,208,204,224,101
1971,2,194,206,204,224,101
1971,3,194,205,205,224,101
1971,4,194,204,205,224,101
1971,5,194,204,205,224,101
1971,6,194,203,205,224,101
1971,7,183,202,206,224,101
1971,8,189,202,206,224,101
1971,9,183,201,207,224,101
1971,10,183,200,207,224,101
1971,11,183,199,207,224,101
1971,12,183,198,208,224,101
1971,13,189,197,208,224,101
1971,14,200,197,208,224,101
1971,15,211,197,208,224,101
1971,16,228,198,208,224,101
1971,17,244,199,208,224,101
1971,18,250,201,208,224,101
1971,19,267,204,208,224,101
1971,20,267,206,208,224,101
1971,21,278,210,208,224,101
1971,22,272,213,208,224,101
1971,23,267,215,209,223,101
1972,0,261,255,260,212,106
1972,1,244,253,260,212,106
1972,2,244,252,261,212,106
1972,3,228,251,261,212,106
1972,4,222,250,261,212,106
1972,5,211,248,260,212,106
1972,6,200,247,260,212,106
1972,7,206,246,260,213,106
1972,8,200,246,260,213,106
1972,9,200,245,260,213,106
1972,10,200,244,260,213,106
1972,11,194,243,260,213,106
1972,12,200,242,260,213,106
1972,13,217,242,260,213,106
1972,14,228,241,260,213,106
1972,15,233,240,260,213,106
1972,16,250,239,260,214,106
1972,17,244,237,260,214,106
1972,18,256,236,259,214,106
1972,19,267,235,259,214,106
1972,20,272,234,259,214,106
1972,21,278,234,259,214,106
1972,22,261,233,259,214,106
1972,23,256,232,259,215,106
1973,0,266,234,221,222,107
1973,1,255,236,221,222,107
1973,2,238,237,222,222,107
1973,3,238,237,222,222,107
1973,4,227,238,222,222,107
1973,5,222,239,222,222,107
1973,6,216,239,223,222,107
1973,7,216,240,223,223,107
1973,8,216,241,224,223,107
1973,9,216,241,224,223,107
1973,10,211,242,224,223,107
1973,11,214,242,225,223,107
1973,12,216,243,225,223,107
1973,13,211,243,225,223,107
1973,14,205,242,225,223,107
1973,15,205,240,225,223,107
1973,16,211,239,224,223,107
1973,17,216,237,224,223,107
1973,18,216,234,224,223,107
1973,19,222,231,223,223,107
1973,20,244,230,223,223,107
1973,21,261,229,223,223,107
1973,22,261,228,223,223,107
1973,23,261,228,223,223,107
1974,0,239,208,221,220,113
1974,1,228,209,221,220,113
1974,2,211,210,220,220,113
1974,3,189,210,220,220,113
1974,4,178,209,220,220,113
1974,5,167,208,220,220,113
1974,6,167,208,220,220,113
1974,7,156,206,219,220,113
1974,8,150,205,219,220,113
1974,9,150,203,219,220,113
1974,10,133,201,218,220,113
1974,11,139,200,218,220,113
1974,12,167,199,218,220,113
1974,13,172,198,217,220,113
1974,14,206,199,217,220,113
1974,15,239,200,217,220,113
1974,16,244,201,217,221,113
1974,17,250,202,217,221,113
1974,18,261,203,216,221,113
1974,19,261,204,216,221,113
1974,20,267,205,216,221,113
1974,21,261,205,216,221,113
1974,22,267,206,216,221,113
1974,23,256,207,216,221,113
1975,0,222,241,233,222,105
1975,1,217,238,233,222,105
1975,2,217,237,233,222,105
1975,3,211,236,234,222,105
1975,4,200,236,234,222,105
1975,5,194,235,234,222,105
1975,6,194,234,234,222,105
1975,7,194,233,234,222,105
1975,8,194,233,234,222,105
1975,9,194,233,234,222,105
1975,10,189,232,234,222,105
1975,11,189,231,234,222,105
1975,12,189,230,234,222,105
1975,13,205,229,234,222,105
1975,14,222,228,234,222,105
1975,15,239,226,234,222,105
1975,16,239,224,234,222,105
1975,17,239,221,233,222,105
1975,18,244,219,233,222,105
1975,19,256,218,233,222,105
1975,20,261,216,233,222,105
1975,21,256,217,233,222,105
1975,22,261,219,232,222,105
1975,23,261,220,232,222,105
1976,0,239,221,206,198,106
1976,1,217,222,206,198,106
1976,2,194,221,206,198,106
1976,3,189,221,207,198,106
1976,4,178,220,207,198,106
1976,5,167,219,207,198,106
1976,6,156,217,207,198,106
1976,7,150,215,207,198,106
1976,8,144,214,207,198,106
1976,9,139,212,207,198,106
1976,10,133,209,208,198,106
1976,11,128,207,208,198,106
1976,12,144,204,208,198,106
1976,13,161,203,208,198,106
1976,14,183,201,208,198,106
1976,15,200,200,208,198,106
1976,16,206,199,208,197,106
1976,17,217,197,208,197,106
1976,18,217,195,208,197,106
1976,19,228,193,207,197,106
1976,20,228,192,207,197,106
1976,21,233,190,207,197,106
1976,22,228,189,207,197,106
1976,23,222,188,207,197,106
1977,0,261,198,229,225,83
1977,1,250,200,229,225,83
1977,2,244,202,230,225,83
1977,3,211,204,230,225,83
1977,4,211,206,230,225,83
1977,5,211,209,230,225,83
1977,6,211,212,230,225,83
1977,7,206,215,230,225,83
1977,8,206,218,230,225,83
1977,9,206,221,230,225,83
1977,10,206,225,230,225,83
1977,11,211,229,230,225,83
1977,12,217,233,230,225,83
1977,13,222,235,231,225,83
1977,14,228,236,231,225,83
1977,15,217,236,230,225,83
1977,16,217,235,230,225,83
1977,17,217,233,230,225,83
1977,18,244,232,229,225,83
1977,19,261,231,229,225,83
1977,20,267,231,229,225,83
1977,21,256,230,229,225,83
1977,22,244,229,228,225,83
1977,23,233,227,228,225,83
1978,0,233,226,262,230,98
1978,1,228,226,262,230,98
1978,2,222,226,262,230,98
1978,3,211,226,262,230,98
1978,4,211,225,262,230,98
1978,5,206,225,262,230,98
1978,6,200,224,262,231,98
1978,7,189,222,262,231,98
1978,8,183,221,262,231,98
1978,9,189,221,263,231,98
1978,10,194,220,263,231,98
1978,11,200,220,263,231,98
1978,12,206,220,263,231,98
1978,13,217,220,263,231,98
1978,14,228,221,263,231,98
1978,15,244,221,263,231,98
1978,16,261,223,263,231,98
1978,17,278,224,263,231,98
1978,18,261,225,263,231,98
1978,19,272,226,263,231,98
1978,20,272,227,263,231,98
1978,21,283,228,263,231,98
1978,22,278,230,263,231,98
1978,23,278,231,263,231,98
1979,0,244,223,220,204,97
1979,1,233,224,220,204,97
1979,2,233,225,220,204,97
1979,3,228,226,220,204,97
1979,4,222,226,220,204,97
1979,5,217,227,220,204,97
1979,6,217,228,221,204,97
1979,7,217,228,221,205,97
1979,8,211,229,221,205,97
1979,9,211,230,221,205,97
1979,10,206,231,222,205,97
1979,11,200,231,222,205,97
1979,12,206,232,222,205,97
1979,13,217,232,223,205,97
1979,14,233,232,223,205,97
1979,15,244,232,223,206,97
1979,16,250,232,223,206,97
1979,17,272,233,224,206,97
1979,18,267,233,224,206,97
1979,19,272,233,224,206,97
1979,20,261,233,224,206,97
1979,21,239,233,224,206,97
1979,22,239,233,224,206,97
1979,23,239,232,224,206,97
1980,0,256,220,246,237,100
1980,1,244,221,246,237,100
1980,2,233,222,246,237,100
1980,3,211,222,246,237,100
1980,4,206,222,245,237,100
1980,5,194,223,245,236,100
1980,6,189,223,245,236,100
1980,7,183,224,245,236,100
1980,8,178,225,245,236,100
1980,9,178,226,245,236,100
1980,10,172,227,244,236,100
1980,11,167,227,244,236,100
1980,12,183,227,244,236,100
1980,13,206,227,244,236,100
1980,14,228,227,244,236,100
1980,15,261,228,244,236,100
1980,16,272,228,244,236,100
1980,17,289,229,244,236,100
1980,18,289,229,244,236,100
1980,19,294,230,243,236,100
1980,20,294,230,243,236,100
1980,21,289,231,243,236,100
1980,22,289,232,243,236,100
1980,23,278,233,243,236,100
1981,0,244,221,220,219,100
1981,1,228,222,219,219,100
1981,2,217,222,219,219,100
1981,3,206,223,219,219,100
1981,4,183,222,219,219,100
1981,5,178,222,219,218,100
1981,6,172,222,219,218,100
1981,7,167,222,219,218,100
1981,8,161,221,219,218,100
1981,9,161,221,219,218,100
1981,10,167,221,219,218,100
1981,11,172,221,219,218,100
1981,12,183,221,219,218,100
1981,13,211,221,219,218,100
1981,14,228,221,219,218,100
1981,15,256,221,219,218,100
1981,16,283,222,219,218,100
1981,17,294,223,219,218,100
1981,18,283,223,219,218,100
1981,19,294,224,219,219,100
1981,20,306,225,219,219,100
1981,21,294,226,219,219,100
1981,22,278,226,219,219,100
1981,23,283,227,219,219,100
1982,0,278,232,231,220,93
1982,1,239,231,231,220,93
1982,2,233,231,231,220,93
1982,3,222,230,231,220,93
1982,4,189,229,230,220,93
1982,5,189,228,230,221,93
1982,6,189,228,230,221,93
1982,7,167,227,230,221,93
1982,8,172,226,230,221,93
1982,9,161,226,229,221,93
1982,10,156,225,229,221,93
1982,11,161,224,229,221,93
1982,12,183,224,229,221,93
1982,13,211,225,228,221,93
1982,14,244,226,228,221,93
1982,15,267,228,228,221,93
1982,16,283,229,228,221,93
1982,17,294,231,228,222,93
1982,18,300,232,228,222,93
1982,19,306,233,228,222,93
1982,20,300,233,228,222,93
1982,21,300,234,228,222,93
1982,22,300,234,228,222,93
1982,23,294,235,228,222,93
1983,0,239,232,226,223,108
1983,1,228,233,226,223,108
1983,2,222,233,227,223,108
1983,3,206,233,227,223,108
1983,4,200,232,227,223,108
1983,5,194,232,227,223,108
1983,6,178,230,227,223,108
1983,7,161,228,227,223,108
1983,8,172,227,226,223,108
1983,9,161,225,226,223,108
1983,10,167,223,226,223,108
1983,11,172,221,226,223,108
1983,12,178,220,226,223,108
1983,13,183,218,226,223,108
1983,14,194,216,226,223,108
1983,15,206,215,226,223,108
1983,16,228,214,226,223,108
1983,17,233,213,226,223,108
1983,18,239,212,225,223,108
1983,19,244,211,225,223,108
1983,20,250,211,225,223,108
1983,21,250,209,225,223,108
1983,22,250,209,225,222,108
1983,23,256,209,225,222,108
1984,0,222,229,210,202,97
1984,1,222,227,210,202,97
1984,2,211,226,210,202,97
1984,3,206,225,210,202,97
1984,4,194,224,210,203,97
1984,5,172,221,210,203,97
1984,6,178,220,209,203,97
1984,7,161,218,209,203,97
1984,8,161,215,209,203,97
1984,9,156,213,209,203,97
1984,10,144,210,209,203,97
1984,11,144,207,209,203,97
1984,12,150,203,209,203,97
1984,13,172,201,209,203,97
1984,14,178,198,209,203,97
1984,15,211,196,209,203,97
1984,16,222,196,209,203,97
1984,17,222,196,208,203,97
1984,18,244,197,209,203,97
1984,19,233,197,209,203,97
1984,20,228,197,209,203,97
1984,21,233,197,209,203,97
1984,22,233,197,209,203,97
1984,23,233,197,209,203,97
1985,0,267,207,213,208,106
1985,1,244,209,213,208,106
1985,2,233,210,213,208,106
1985,3,228,212,213,208,106
1985,4,211,214,213,208,106
1985,5,200,215,214,208,106
1985,6,194,217,214,209,106
1985,7,183,219,214,209,106
1985,8,183,221,214,209,106
1985,9,183,223,214,209,106
1985,10,178,225,214,209,106
1985,11,172,226,214,209,106
1985,12,206,228,215,209,106
1985,13,217,230,215,209,106
1985,14,239,231,215,209,106
1985,15,256,232,215,209,106
1985,16,278,234,215,210,106
1985,17,278,235,215,210,106
1985,18,283,236,216,210,106
1985,19,283,236,216,210,106
1985,20,283,236,216,210,106
1985,21,283,235,216,210,106
1985,22,278,235,216,210,106
1985,23,278,235,216,210,106
1986,0,283,255,249,222,111
1986,1,283,255,249,222,111
1986,2,256,254,249,222,111
1986,3,239,254,249,222,111
1986,4,239,254,249,223,111
1986,5,228,254,249,223,111
1986,6,222,254,249,223,111
1986,7,222,255,248,223,111
1986,8,222,255,248,223,111
1986,9,222,256,248,223,111
1986,10,206,256,248,224,111
1986,11,211,256,248,224,111
1986,12,228,257,248,224,111
1986,13,244,258,248,224,111
1986,14,250,258,248,224,111
1986,15,267,258,247,224,111
1986,16,289,259,247,225,111
1986,17,294,259,247,225,111
1986,18,294,259,247,225,111
1986,19,300,259,247,225,111
1986,20,300,259,247,225,111
1986,21,317,259,247,225,111
1986,22,306,259,247,225,111
1986,23,289,259,247,226,111
1987,0,300,273,267,233,112
1987,1,294,273,267,233,112
1987,2,267,273,267,233,112
1987,3,250,273,268,233,112
1987,4,239,272,268,233,112
1987,5,228,271,268,233,112
1987,6,233,271,268,233,112
1987,7,233,271,269,233,112
1987,8,239,272,269,233,112
1987,9,239,273,270,234,112
1987,10,228,274,270,234,112
1987,11,228,274,271,234,112
1987,12,244,275,271,234,112
1987,13,256,275,271,234,112
1987,14,289,276,271,234,112
1987,15,300,276,272,234,112
1987,16,317,277,272,234,112
1987,17,306,276,272,234,112
1987,18,322,276,272,234,112
1987,19,328,276,273,234,112
1987,20,328,276,273,234,112
1987,21,333,277,273,234,112
1987,22,333,277,273,234,112
1987,23,311,277,273,234,112
1988,0,261,201,229,240,108
1988,1,261,204,228,240,108
1988,2,233,206,228,240,108
1988,3,222,207,228,240,108
1988,4,206,208,228,240,108
1988,5,178,209,227,240,108
1988,6,183,209,227,240,108
1988,7,167,210,227,240,108
1988,8,167,211,227,240,108
1988,9,161,211,227,240,108
1988,10,161,212,226,240,108
1988,11,167,212,226,240,108
1988,12,189,214,226,240,108
1988,13,211,216,226,240,108
1988,14,244,219,226,240,108
1988,15,267,222,225,240,108
1988,16,283,225,225,240,108
1988,17,289,227,225,240,108
1988,18,294,229,225,240,108
1988,19,300,231,225,240,108
1988,20,306,232,224,240,108
1988,21,300,233,224,240,108
1988,22,294,234,224,240,108
1988,23,283,234,224,240,108
1989,0,289,290,248,234,108
1989,1,261,290,249,234,108
1989,2,233,288,249,234,108
1989,3,272,289,250,234,108
1989,4,228,289,250,234,108
1989,5,233,290,250,234,108
1989,6,261,290,251,234,108
1989,7,233,290,251,234,108
1989,8,228,290,252,234,108
1989,9,228,290,252,234,108
1989,10,300,290,252,234,108
1989,11,316,289,253,234,108
1989,12,322,289,253,234,108
1989,13,327,288,253,234,108
1989,14,327,289,253,235,108
1989,15,300,287,254,234,108
1989,16,339,287,254,235,108
1989,17,327,287,254,235,108
1989,18,328,286,254,235,108
1989,19,311,287,255,235,108
1989,20,339,289,255,235,108
1989,21,339,289,255,235,108
1989,22,255,288,255,235,108
1989,23,317,288,256,235,108
1990,0,250,209,224,218,108
1990,1,233,210,224,218,108
1990,2,211,211,224,218,108
1990,3,211,212,224,218,108
1990,4,217,214,224,218,108
1990,5,200,215,223,219,108
1990,6,211,217,224,219,108
1990,7,189,218,223,219,108
1990,8,194,219,224,219,108
1990,9,189,221,224,219,108
1990,10,183,222,224,219,108
1990,11,178,224,224,219,108
1990,12,183,225,224,219,108
1990,13,200,225,223,219,108
1990,14,222,225,223,219,108
1990,15,239,225,223,219,108
1990,16,239,225,223,219,108
1990,17,261,225,223,219,108
1990,18,250,224,222,219,108
1990,19,267,225,222,219,108
1990,20,267,225,222,219,108
1990,21,278,225,222,219,108
1990,22,272,225,222,219,108
1990,23,267,225,222,220,108
1991,0,272,244,270,247,125
1991,1,267,245,270,247,125
1991,2,256,247,270,247,125
1991,3,239,248,270,247,125
1991,4,228,248,270,247,125
1991,5,217,248,270,247,125
1991,6,200,248,270,247,125
1991,7,200,247,270,247,125
1991,8,200,246,269,247,125
1991,9,206,246,269,247,125
1991,10,217,246,270,248,125
1991,11,200,246,270,248,125
1991,12,206,246,270,248,125
1991,13,200,245,269,248,125
1991,14,233,244,269,248,125
1991,15,233,244,269,248,125
1991,16,261,243,269,248,125
1991,17,272,243,268,248,125
1991,18,272,243,268,248,125
1991,19,283,243,268,248,125
1991,20,289,243,268,248,125
1991,21,278,242,267,248,125
1991,22,278,241,267,248,125
1991,23,272,241,267,247,125
1992,0,250,223,205,218,111
1992,1,222,223,205,218,111
1992,2,217,223,205,218,111
1992,3,206,223,205,218,111
1992,4,200,222,205,218,111
1992,5,200,222,205,218,111
1992,6,194,221,205,218,111
1992,7,189,221,205,218,111
1992,8,189,220,205,218,111
1992,9,183,220,205,218,111
1992,10,189,220,205,219,111
1992,11,189,219,205,219,111
1992,12,189,219,205,219,111
1992,13,189,219,205,219,111
1992,14,206,219,205,219,111
1992,15,211,219,205,219,111
1992,16,217,219,205,219,111
1992,17,228,218,205,219,111
1992,18,250,218,205,219,111
1992,19,261,218,205,219,111
1992,20,261,218,205,219,111
1992,21,250,217,205,219,111
1992,22,256,217,205,219,111
1992,23,244,216,205,219,111
1993,0,283,229,226,237,107
1993,1,261,230,226,237,107
1993,2,250,231,226,237,107
1993,3,239,232,226,237,107
1993,4,228,234,226,237,107
1993,5,222,235,227,237,107
1993,6,217,236,227,237,107
1993,7,211,237,227,237,107
1993,8,206,238,227,237,107
1993,9,206,240,227,237,107
1993,10,200,242,228,237,107
1993,11,194,242,228,237,107
1993,12,206,243,228,237,107
1993,13,211,244,228,237,107
1993,14,233,245,228,237,107
1993,15,261,246,228,237,107
1993,16,272,246,228,237,107
1993,17,294,247,228,237,107
1993,18,317,248,229,237,107
1993,19,322,250,229,237,107
1993,20,328,251,229,237,107
1993,21,317,252,229,237,107
1993,22,322,254,229,237,107
1993,23,306,254,229,237,107
1994,0,250,245,251,234,106
1994,1,228,245,251,234,106
1994,2,222,244,250,234,106
1994,3,206,243,250,234,106
1994,4,200,242,250,234,106
1994,5,194,241,250,234,106
1994,6,206,241,250,234,106
1994,7,194,240,250,234,106
1994,8,189,239,250,234,106
1994,9,189,238,250,234,106
1994,10,189,238,250,234,106
1994,11,189,237,250,234,106
1994,12,200,237,249,234,106
1994,13,217,236,249,234,106
1994,14,222,235,249,234,106
1994,15,228,233,249,234,106
1994,16,228,231,249,234,106
1994,17,228,229,248,234,106
1994,18,256,227,248,234,106
1994,19,261,226,248,235,106
1994,20,267,225,248,235,106
1994,21,267,224,248,235,106
1994,22,267,223,248,235,106
1994,23,256,223,248,235,106
1995,0,261,247,238,235,113
1995,1,256,247,238,235,113
1995,2,244,246,238,235,113
1995,3,244,246,238,235,113
1995,4,239,247,238,235,113
1995,5,228,247,238,235,113
1995,6,222,246,238,235,113
1995,7,217,246,238,235,113
1995,8,211,245,238,235,113
1995,9,211,244,238,235,113
1995,10,206,244,238,235,113
1995,11,211,244,238,235,113
1995,12,222,244,238,235,113
1995,13,244,244,238,235,113
1995,14,267,246,238,235,113
1995,15,283,247,239,235,113
1995,16,294,249,239,235,113
1995,17,311,251,239,235,113
1995,18,317,253,239,235,113
1995,19,317,254,240,235,113
1995,20,256,253,239,235,113
1995,21,289,254,239,235,113
1995,22,256,253,239,236,113
1995,23,250,252,239,236,113
1996,0,256,221,205,216,105
1996,1,225,221,205,216,105
1996,2,214,221,205,216,105
1996,3,208,221,204,216,105
1996,4,200,221,204,216,105
1996,5,192,221,204,216,105
1996,6,189,221,204,216,105
1996,7,189,222,204,216,105
1996,8,189,222,203,215,105
1996,9,186,222,203,215,105
1996,10,183,223,203,215,105
1996,11,183,223,203,215,105
1996,12,183,224,203,215,105
1996,13,194,223,203,215,105
1996,14,206,222,203,215,105
1996,15,220,221,203,215,105
1996,16,230,220,203,216,105
1996,17,238,219,203,216,105
1996,18,244,219,203,216,105
1996,19,258,218,203,216,105
1996,20,256,218,203,216,105
1996,21,253,217,203,216,105
1996,22,244,217,204,216,105
1996,23,234,216,204,216,105
1997,0,222,203,218,224,103
1997,1,202,203,218,224,103
1997,2,192,203,218,224,103
1997,3,194,203,217,224,103
1997,4,192,203,217,224,103
1997,5,186,203,217,224,103
1997,6,183,203,217,224,103
1997,7,178,203,217,224,103
1997,8,170,202,216,224,103
1997,9,167,202,216,224,103
1997,10,170,201,216,224,103
1997,11,175,201,216,224,103
1997,12,178,201,215,224,103
1997,13,188,201,215,224,103
1997,14,205,202,215,223,103
1997,15,225,203,214,223,103
1997,16,238,203,214,223,103
1997,17,244,204,213,223,103
1997,18,244,205,213,223,103
1997,19,253,206,213,223,103
1997,20,256,207,213,223,103
1997,21,261,208,213,223,103
1997,22,258,209,213,223,103
1997,23,253,210,213,223,103
1998,0,222,199,229,222,113
1998,1,214,199,229,222,113
1998,2,208,200,229,222,113
1998,3,206,201,229,222,113
1998,4,198,201,229,222,113
1998,5,189,201,229,222,113
1998,6,189,202,229,222,113
1998,7,175,202,229,222,113
1998,8,172,202,229,222,113
1998,9,172,203,229,222,113
1998,10,164,203,230,222,113
1998,11,167,203,230,222,113
1998,12,178,204,230,222,113
1998,13,205,205,230,222,113
1998,14,222,206,230,221,113
1998,15,234,207,229,221,113
1998,16,242,208,229,221,113
1998,17,242,208,229,221,113
1998,18,239,209,229,221,113
1998,19,247,209,229,221,113
1998,20,250,210,229,221,113
1998,21,244,210,229,221,113
1998,22,236,210,229,221,113
1998,23,230,210,229,221,113
1999,0,300,274,259,242,115
1999,1,286,274,259,242,115
1999,2,272,273,259,242,115
1999,3,267,273,260,242,115
1999,4,242,272,260,242,115
1999,5,225,271,260,242,115
1999,6,217,270,259,242,115
1999,7,217,268,260,242,115
1999,8,214,267,260,242,115
1999,9,211,266,260,242,115
1999,10,200,265,260,242,116
1999,11,202,264,260,242,116
1999,12,211,263,260,242,116
1999,13,250,264,260,242,116
1999,14,266,264,260,242,116
1999,15,272,265,260,242,116
1999,16,300,265,260,242,116
1999,17,311,265,260,242,116
1999,18,311,265,260,242,116
1999,19,325,266,260,242,116
1999,20,324,266,260,242,116
1999,21,317,265,260,242,116
1999,22,306,265,260,242,116
1999,23,298,264,260,242,116
2000,0,206,184,187,204,114
2000,1,184,183,187,204,114
2000,2,175,182,187,204,114
2000,3,172,182,186,204,114
2000,4,166,182,186,204,114
2000,5,160,182,186,204,114
2000,6,156,182,185,204,114
2000,7,147,182,185,203,114
2000,8,144,182,185,203,114
2000,9,142,182,184,203,114
2000,10,140,182,184,203,114
2000,11,160,183,184,203,114
2000,12,167,184,184,203,114
2000,13,194,185,183,203,114
2000,14,208,186,183,203,114
2000,15,222,187,183,203,114
2000,16,234,188,183,203,114
2000,17,240,188,183,203,114
2000,18,244,189,183,203,114
2000,19,256,190,183,203,114
2000,20,253,192,183,203,114
2000,21,247,193,183,203,114
2000,22,244,195,183,203,114
2000,23,237,196,183,203,114
2001,0,261,258,244,218,101
2001,1,244,257,244,218,101
2001,2,240,256,244,218,101
2001,3,235,256,244,218,101
2001,4,229,256,244,218,101
2001,5,229,255,244,218,101
2001,6,233,255,244,219,101
2001,7,225,256,244,219,101
2001,8,221,256,245,219,101
2001,9,221,256,245,219,101
2001,10,230,257,245,219,101
2001,11,221,257,245,219,101
2001,12,222,258,245,219,101
2001,13,245,257,245,219,101
2001,14,245,256,245,219,101
2001,15,253,255,245,219,101
2001,16,263,253,245,219,101
2001,17,275,252,245,219,101
2001,18,283,250,246,219,101
2001,19,292,249,246,219,101
2001,20,292,248,246,219,101
2001,21,285,249,246,220,101
2001,22,230,247,246,219,101
2001,23,230,246,245,219,101
2002,0,256,231,251,242,120
2002,1,238,231,251,242,120
2002,2,230,231,250,242,120
2002,3,224,231,250,242,120
2002,4,217,231,250,242,120
2002,5,198,230,250,242,120
2002,6,194,230,249,242,120
2002,7,184,229,249,241,120
2002,8,178,229,249,241,120
2002,9,178,229,248,241,120
2002,10,175,229,248,241,120
2002,11,176,229,248,241,120
2002,12,178,228,248,241,120
2002,13,211,228,247,241,120
2002,14,239,228,247,241,120
2002,15,253,229,247,241,120
2002,16,258,229,247,241,120
2002,17,270,229,247,241,120
2002,18,278,230,247,241,120
2002,19,286,230,247,241,120
2002,20,284,230,247,241,120
2002,21,248,229,247,241,120
2002,22,217,227,247,241,120
2002,23,218,225,247,240,120
2003,0,228,195,207,219,103
2003,1,203,196,206,219,103
2003,2,194,197,206,219,103
2003,3,184,197,206,219,103
2003,4,172,197,206,219,103
2003,5,168,197,205,219,103
2003,6,172,197,205,219,103
2003,7,164,197,205,219,103
2003,8,156,197,205,219,103
2003,9,147,196,204,219,103
2003,10,147,196,204,219,103
2003,11,155,195,204,218,103
2003,12,161,195,203,218,103
2003,13,200,196,203,218,103
2003,14,222,198,203,218,103
2003,15,233,199,203,218,103
2003,16,250,200,203,218,103
2003,17,258,201,204,218,103
2003,18,261,202,204,218,103
2003,19,267,203,204,218,103
2003,20,270,205,204,218,103
2003,21,266,206,204,218,103
2003,22,258,207,204,218,103
2003,23,258,208,204,218,103
2004,0,233,192,212,212,109
2004,1,206,192,212,212,109
2004,2,195,193,212,212,109
2004,3,194,193,212,212,109
2004,4,175,193,212,212,109
2004,5,171,194,212,212,109
2004,6,167,194,212,212,109
2004,7,156,194,212,212,109
2004,8,158,195,212,212,109
2004,9,156,195,212,212,109
2004,10,150,195,212,212,109
2004,11,147,195,212,212,109
2004,12,150,195,212,212,109
2004,13,167,195,212,212,109
2004,14,189,195,211,212,109
2004,15,200,195,211,212,109
2004,16,217,196,211,212,109
2004,17,242,196,212,212,109
2004,18,250,197,212,212,109
2004,19,258,197,212,212,109
2004,20,258,198,212,212,109
2004,21,256,199,212,212,109
2004,22,242,199,212,212,109
2004,23,232,199,213,212,109
2005,0,267,215,243,239,109
2005,1,250,215,243,239,109
2005,2,244,217,243,239,109
2005,3,244,218,243,239,109
2005,4,244,220,243,239,109
2005,5,244,223,244,239,109
2005,6,250,226,244,239,109
2005,7,253,230,244,240,109
2005,8,256,233,244,240,109
2005,9,256,237,244,240,109
2005,10,250,241,244,240,109
2005,11,255,244,244,240,109
2005,12,256,248,244,240,109
2005,13,258,250,245,240,109
2005,14,276,253,245,240,109
2005,15,278,256,245,240,109
2005,16,292,258,245,240,109
2005,17,300,260,245,240,109
2005,18,311,263,246,240,109
2005,19,330,266,246,240,109
2005,20,333,269,246,240,109
2005,21,328,271,246,240,109
2005,22,250,271,246,240,109
2005,23,242,269,246,240,109
2006,0,250,209,234,221,112
2006,1,233,210,234,221,112
2006,2,216,211,234,221,112
2006,3,211,212,233,221,112
2006,4,194,213,233,221,112
2006,5,186,214,233,221,112
2006,6,178,215,232,221,112
2006,7,178,216,232,221,112
2006,8,175,217,232,221,112
2006,9,172,218,231,221,112
2006,10,164,218,231,221,112
2006,11,172,219,231,221,112
2006,12,178,219,230,221,112
2006,13,220,220,230,221,112
2006,14,242,220,230,221,112
2006,15,250,221,230,221,112
2006,16,270,222,230,221,112
2006,17,272,223,230,221,112
2006,18,272,223,230,221,112
2006,19,284,224,230,221,112
2006,20,286,225,230,222,112
2006,21,283,226,229,222,112
2006,22,278,226,229,222,112
2006,23,272,226,229,222,112
2007,0,200,184,200,216,110
2007,1,178,183,200,216,110
2007,2,170,182,200,216,110
2007,3,167,181,200,216,110
2007,4,164,181,199,216,110
2007,5,164,181,199,216,110
2007,6,161,181,199,216,110
2007,7,156,181,198,216,110
2007,8,156,181,198,216,110
2007,9,156,182,198,216,110
2007,10,150,182,198,216,110
2007,11,156,182,197,216,110
2007,12,161,182,197,216,110
2007,13,180,182,197,216,110
2007,14,190,182,197,216,110
2007,15,200,181,196,215,109
2007,16,216,181,196,215,109
2007,17,228,181,196,215,109
2007,18,233,183,196,215,109
2007,19,242,185,196,215,109
2007,20,247,187,196,215,109
2007,21,250,189,196,215,109
2007,22,244,190,196,215,109
2007,23,236,192,195,215,109
2008,0,239,203,235,223,113
2008,1,222,204,235,223,113
2008,2,220,206,235,223,113
2008,3,217,208,235,223,113
2008,4,203,209,234,223,113
2008,5,192,209,234,223,113
2008,6,183,210,234,223,113
2008,7,175,210,234,223,113
2008,8,175,211,234,223,113
2008,9,172,212,233,223,113
2008,10,158,212,233,223,113
2008,11,167,213,233,223,113
2008,12,178,213,233,223,113
2008,13,216,214,233,223,113
2008,14,230,215,232,223,113
2008,15,239,215,232,223,113
2008,16,264,216,232,223,113
2008,17,267,217,232,223,113
2008,18,267,217,231,223,113
2008,19,270,218,231,223,113
2008,20,272,219,231,223,113
2008,21,272,220,231,223,113
2008,22,270,221,231,223,113
2008,23,264,222,231,223,113
2009,0,239,209,194,206,105
2009,1,214,210,194,206,105
2009,2,200,210,194,206,105
2009,3,200,210,194,206,105
2009,4,192,211,195,206,105
2009,5,186,211,195,205,105
2009,6,183,212,195,205,105
2009,7,172,212,195,205,105
2009,8,167,212,195,205,105
2009,9,167,212,195,205,105
2009,10,164,211,196,205,105
2009,11,172,211,196,205,105
2009,12,178,211,196,205,105
2009,13,214,212,196,205,105
2009,14,230,214,197,205,105
2009,15,239,215,197,205,105
2009,16,247,215,197,205,105
2009,17,253,215,198,205,105
2009,18,256,215,198,205,105
2009,19,242,215,198,205,105
2009,20,225,213,199,205,105
2009,21,228,211,199,205,105
2009,22,233,210,199,205,105
2009,23,230,210,199,205,105
2010,0,311,284,259,241,114
2010,1,280,283,259,241,114
2010,2,234,281,259,241,114
2010,3,228,278,259,241,114
2010,4,221,276,258,241,114
2010,5,222,273,258,241,114
2010,6,222,272,258,241,114
2010,7,222,272,258,241,114
2010,8,222,271,258,241,114
2010,9,222,271,258,241,114
2010,10,228,272,258,241,114
2010,11,228,272,258,242,114
2010,12,228,271,258,242,114
2010,13,250,270,258,242,114
2010,14,258,269,258,242,114
2010,15,250,267,258,242,114
2010,16,239,264,257,242,114
2010,17,244,261,257,242,114
2010,18,250,258,257,242,114
2010,19,272,256,257,242,114
2010,20,278,253,256,242,114
2010,21,278,251,256,242,114
2010,22,270,249,256,242,114
2010,23,262,247,256,242,114
2011,0,289,255,267,239,109
2011,1,266,255,267,239,109
2011,2,261,256,267,239,109
2011,3,261,256,267,240,109
2011,4,250,257,267,240,109
2011,5,242,257,267,240,109
2011,6,239,258,267,240,109
2011,7,239,258,267,240,109
2011,8,242,259,267,240,109
2011,9,244,260,268,240,109
2011,10,242,260,268,240,109
2011,11,242,261,268,240,109
2011,12,244,261,268,241,109
2011,13,258,262,268,241,109
2011,14,260,263,268,241,109
2011,15,272,264,268,241,109
2011,16,272,264,268,241,109
2011,17,270,265,268,241,109
2011,18,261,264,268,241,109
2011,19,246,263,267,241,109
2011,20,266,261,267,241,109
2011,21,283,260,267,241,109
2011,22,289,260,267,242,109
2011,23,284,259,267,242,109
2012,0,261,260,235,249,128
2012,1,236,259,234,248,128
2012,2,222,257,234,248,128
2012,3,217,255,233,248,128
2012,4,194,253,233,248,128
2012,5,180,249,232,248,128
2012,6,172,246,232,248,128
2012,7,170,242,231,248,128
2012,8,162,239,231,248,128
2012,9,156,235,230,248,128
2012,10,153,231,230,248,128
2012,11,162,228,229,248,128
2012,12,178,225,229,248,128
2012,13,200,223,228,248,128
2012,14,220,222,228,248,128
2012,15,228,221,228,248,128
2012,16,247,220,227,248,128
2012,17,253,219,227,248,128
2012,18,256,220,227,248,128
2012,19,278,220,228,248,128
2012,20,280,219,228,248,128
2012,21,283,219,228,248,128
2012,22,283,219,228,248,128
2012,23,280,220,229,248,128
2013,0,200,190,236,234,111
2013,1,184,190,236,234,111
2013,2,172,190,235,234,111
2013,3,167,189,235,234,111
2013,4,158,187,234,233,111
2013,5,150,186,234,233,111
2013,6,144,184,233,233,111
2013,7,136,182,233,233,111
2013,8,130,180,232,233,111
2013,9,128,178,231,233,111
2013,10,128,176,231,233,111
2013,11,134,175,230,233,111
2013,12,139,174,229,232,111
2013,13,161,173,229,232,111
2013,14,180,172,228,232,111
2013,15,189,172,228,232,111
2013,16,208,173,227,232,111
2013,17,220,174,226,232,111
2013,18,228,176,226,232,111
2013,19,228,176,225,232,111
2013,20,234,177,225,232,111
2013,21,239,178,224,232,111
2013,22,242,179,224,231,111
2013,23,234,181,223,231,111
2014,0,222,202,221,226,103
2014,1,198,202,221,225,103
2014,2,186,201,221,225,103
2014,3,183,201,221,225,103
2014,4,164,200,221,225,103
2014,5,152,199,221,225,103
2014,6,144,197,221,225,103
2014,7,128,195,221,225,103
2014,8,122,193,220,225,103
2014,9,122,192,220,225,103
2014,10,111,189,220,225,103
2014,11,130,188,220,224,103
2014,12,150,187,220,224,103
2014,13,172,186,220,224,103
2014,14,195,186,220,224,103
2014,15,206,186,220,224,103
2014,16,216,185,220,224,103
2014,17,230,186,220,224,103
2014,18,239,186,220,224,103
2014,19,244,186,220,224,103
2014,20,253,187,220,224,103
2014,21,256,187,220,224,103
2014,22,250,188,220,224,103
2014,23,244,188,220,224,103
2015,0,278,219,238,216,102
2015,1,256,220,238,216,102
2015,2,244,221,237,216,102
2015,3,239,222,237,216,102
2015,4,220,224,237,216,102
2015,5,203,225,237,216,102
2015,6,200,227,237,216,102
2015,7,180,228,236,216,102
2015,8,180,230,236,216,102
2015,9,183,231,235,216,102
2015,10,167,232,235,216,102
2015,11,178,234,235,216,102
2015,12,189,235,234,216,102
2015,13,230,236,234,216,102
2015,14,250,237,234,216,102
2015,15,261,238,234,216,102
2015,16,278,238,234,216,102
2015,17,286,239,234,216,102
2015,18,289,239,234,216,102
2015,19,294,240,234,216,102
2015,20,297,240,234,216,103
2015,21,300,241,234,217,103
2015,22,294,241,234,217,103
2015,23,286,241,234,217,103
2016,0,239,252,252,237,127
2016,1,234,251,251,237,127
2016,2,228,249,251,237,127
2016,3,228,248,251,237,127
2016,4,228,248,251,237,127
2016,5,225,247,251,237,127
2016,6,222,247,251,237,127
2016,7,225,248,251,237,127
2016,8,225,248,251,237,127
2016,9,222,248,251,238,127
2016,10,225,249,250,238,127
2016,11,244,251,250,238,127
2016,12,244,252,250,238,127
2016,13,272,252,251,238,127
2016,14,292,253,251,238,127
2016,15,300,254,251,238,127
2016,16,314,254,252,238,127
2016,17,325,254,252,238,127
2016,18,333,255,252,238,127
2016,19,328,256,252,238,127
2016,20,317,257,253,238,127
2016,21,317,261,253,238,127
2016,22,316,264,253,238,127
2016,23,308,267,253,238,127
2017,0,222,219,248,227,128
2017,1,200,219,247,227,128
2017,2,197,219,247,227,128
2017,3,194,219,247,227,128
2017,4,183,218,246,227,128
2017,5,183,217,246,227,128
2017,6,183,216,246,227,128
2017,7,178,215,246,227,128
2017,8,178,214,246,227,128
2017,9,178,213,245,227,128
2017,10,167,212,245,227,128
2017,11,170,211,245,227,128
2017,12,172,210,245,227,128
2017,13,175,209,244,227,128
2017,14,188,207,244,227,128
2017,15,194,206,244,227,128
2017,16,197,204,243,227,128
2017,17,206,202,243,227,128
2017,18,211,200,242,227,128
2017,19,220,198,242,227,128
2017,20,230,197,242,227,128
2017,21,233,197,241,227,128
2017,22,236,197,241,227,128
2017,23,230,197,240,227,128
2018,0,261,245,221,235,113
2018,1,250,245,221,235,113
2018,2,238,246,221,235,113
2018,3,233,246,221,235,113
2018,4,225,246,221,235,113
2018,5,203,245,221,235,113
2018,6,200,244,222,235,113
2018,7,200,244,222,235,113
2018,8,200,243,222,235,113
2018,9,200,243,222,235,113
2018,10,200,242,222,235,113
2018,11,200,242,223,235,113
2018,12,200,240,223,235,113
2018,13,208,239,223,235,113
2018,14,225,238,223,235,113
2018,15,228,236,223,235,113
2018,16,250,235,223,235,113
2018,17,256,234,223,235,113
2018,18,261,233,223,235,113
2018,19,256,232,223,235,113
2018,20,244,231,223,235,113
2018,21,239,229,223,235,113
2018,22,253,229,223,235,113
2018,23,242,228,223,235,113
2019,0,217,194,238,238,112
2019,1,195,193,237,238,112
2019,2,192,193,237,238,112
2019,3,200,193,237,238,112
2019,4,170,194,237,238,112
2019,5,158,194,236,238,112
2019,6,156,194,236,238,112
2019,7,147,195,236,238,112
2019,8,147,195,235,238,112
2019,9,144,195,235,238,112
2019,10,144,195,234,238,112
2019,11,156,195,234,237,112
2019,12,167,196,234,237,112
2019,13,194,196,234,237,112
2019,14,214,196,234,237,112
2019,15,228,196,234,237,112
2019,16,247,196,233,237,112
2019,17,250,197,233,237,112
2019,18,250,197,233,237,112
2019,19,258,198,233,237,112
2019,20,258,199,233,237,112
2019,21,261,199,232,237,112
2019,22,264,201,232,237,112
2019,23,258,203,232,237,112
2020,0,283,248,255,246,117
2020,1,264,250,255,246,117
2020,2,252,251,255,246,117
2020,3,244,251,255,246,117
2020,4,230,252,255,246,117
2020,5,228,252,255,246,117
2020,6,222,252,255,246,117
2020,7,212,251,255,246,117
2020,8,200,251,255,246,117
2020,9,194,250,255,246,117
2020,10,192,249,255,246,117
2020,11,200,248,255,246,117
2020,12,211,248,255,246,117
2020,13,234,248,255,246,117
2020,14,256,249,255,247,117
2020,15,261,249,255,247,117
2020,16,278,250,255,247,117
2020,17,286,250,255,247,117
2020,18,289,250,255,247,117
2020,19,297,250,254,247,117
2020,20,300,251,254,247,117
2020,21,300,251,254,247,117
2020,22,297,251,254,247,117
2020,23,286,251,254,247,117
2021,0,267,227,219,229,115
2021,1,250,228,219,229,115
2021,2,238,228,219,229,115
2021,3,233,229,220,229,115
2021,4,236,230,220,229,115
2021,5,233,231,220,229,115
2021,6,233,233,221,229,115
2021,7,236,235,221,229,115
2021,8,233,237,222,229,115
2021,9,233,239,222,229,115
2021,10,228,240,222,230,115
2021,11,228,242,223,230,115
2021,12,228,244,223,230,115
2021,13,233,245,223,230,115
2021,14,236,246,223,230,115
2021,15,239,246,224,230,115
2021,16,244,246,224,230,115
2021,17,258,247,224,230,115
2021,18,267,247,224,230,115
2021,19,284,247,224,230,115
2021,20,289,248,224,230,115
2021,21,289,248,224,230,115
2021,22,286,249,224,230,115
2021,23,278,249,224,230,115
2022,0,289,249,243,233,118
2022,1,280,252,244,233,118
2022,2,275,255,244,233,118
2022,3,272,258,245,233,118
2022,4,272,261,245,233,118
2022,5,270,263,245,233,118
2022,6,267,266,246,233,118
2022,7,264,268,246,233,118
2022,8,258,270,246,233,118
2022,9,256,272,247,234,118
2022,10,225,273,247,234,118
2022,11,220,273,247,234,118
2022,12,228,274,247,234,118
2022,13,242,274,247,234,118
2022,14,244,273,247,234,118
2022,15,244,272,248,234,118
2022,16,255,271,248,234,118
2022,17,272,270,248,234,118
2022,18,278,269,249,234,118
2022,19,272,267,249,234,118
2022,20,270,265,249,234,118
2022,21,267,263,249,233,118
2022,22,258,261,249,233,118
2022,23,250,260,249,233,118
2023,0,267,231,220,223,115
2023,1,222,230,220,223,115
2023,2,220,230,220,223,115
2023,3,228,230,220,223,115
2023,4,220,231,221,223,115
2023,5,220,232,221,223,115
2023,6,217,233,221,223,115
2023,7,203,235,221,223,115
2023,8,197,236,221,224,115
2023,9,194,236,221,224,115
2023,10,189,237,221,224,115
2023,11,183,237,221,224,115
2023,12,189,237,221,224,115
2023,13,202,236,221,224,115
2023,14,220,235,221,224,115
2023,15,228,235,221,223,115
2023,16,244,233,222,223,115
2023,17,253,232,222,223,115
2023,18,256,232,222,223,115
2023,19,261,231,222,223,115
2023,20,261,230,222,223,115
2023,21,261,229,222,223,115
2023,22,261,228,222,223,115
2023,23,256,227,222,223,115
2024,0,239,240,231,247,134
2024,1,228,239,231,247,134
2024,2,225,238,231,247,134
2024,3,211,237,231,247,134
2024,4,203,235,231,247,134
2024,5,206,234,231,247,134
2024,6,206,234,231,247,134
2024,7,203,234,231,247,134
2024,8,200,234,230,247,134
2024,9,200,234,230,247,134
2024,10,206,234,230,247,134
2024,11,212,235,230,247,134
2024,12,217,235,230,247,134
2024,13,228,235,230,247,134
2024,14,232,234,231,247,134
2024,15,233,233,231,247,134
2024,16,256,233,231,247,134
2024,17,266,232,231,247,134
2024,18,272,231,231,247,134
2024,19,278,231,231,247,134
2024,20,280,231,231,247,134
2024,21,283,232,231,247,134
2024,22,261,233,231,247,134
2024,23,256,233,231,247,134
2025,0,306,268,236,247,125
2025,1,288,268,236,247,125
2025,2,275,269,236,247,125
2025,3,267,269,237,247,125
2025,4,267,270,237,247,125
2025,5,267,272,237,247,125
2025,6,267,274,237,247,125
2025,7,256,275,237,247,125
2025,8,253,276,238,247,125
2025,9,250,277,238,247,125
2025,10,244,278,238,247,125
2025,11,244,279,238,247,125
2025,12,250,279,238,247,125
2025,13,262,280,239,247,125
2025,14,272,280,239,247,125
2025,15,278,280,239,247,125
2025,16,302,281,240,247,125
2025,17,314,281,240,247,125
2025,18,317,282,241,247,125
2025,19,280,280,241,247,125
2025,20,278,278,242,247,125
2025,21,289,277,242,247,125
2025,22,286,276,242,247,125
2025,23,278,275,242,247,125
2026,0,230,204,210,239,115
2026,1,222,204,210,239,115
2026,2,214,205,209,239,115
2026,3,211,206,209,239,115
2026,4,214,208,209,240,115
2026,5,206,209,209,240,115
2026,6,197,211,209,240,115
2026,7,192,213,209,240,115
2026,8,189,214,209,240,115
2026,9,189,216,208,240,115
2026,10,189,218,208,240,115
2026,11,192,219,208,240,115
2026,12,206,221,208,240,115
2026,13,211,221,208,240,115
2026,14,228,222,207,240,115
2026,15,233,222,207,240,115
2026,16,248,223,207,240,115
2026,17,262,223,207,240,115
2026,18,267,223,207,240,115
2026,19,270,224,207,240,115
2026,20,272,224,207,240,115
2026,21,272,225,207,240,115
2026,22,264,226,207,240,115
2026,23,256,226,207,240,115
