year,hour,obs,D1,D7,D30,D365
1930,0,,,,,
1930,1,,,,,
1930,2,,,,,
1930,3,,,,,
1930,4,,,,,
1930,5,,,,,
1930,6,,,,,
1930,7,,,,,
1930,8,,,,,
1930,9,,,,,
1930,10,,,,,
1930,11,,,,,
1930,12,,,,,
1930,13,,,,,
1930,14,,,,,
1930,15,,,,,
1930,16,,,,,
1930,17,,,,,
1930,18,,,,,
1930,19,,,,,
1930,20,,,,,
1930,21,,,,,
1930,22,,,,,
1930,23,,,,,
1931,0,228,,,,
1931,1,200,,,,
1931,2,193,,,,
1931,3,,,,,
1931,4,178,,,,
1931,5,185,,,,
1931,6,,,,,
1931,7,200,,,,
1931,8,196,,,,
1931,9,,,,,
1931,10,189,,,,
1931,11,178,,,,
1931,12,189,,,,
1931,13,197,,,,
1931,14,,,,,
1931,15,,,,,
1931,16,,,,,
1931,17,,,,,
1931,18,,,,,
1931,19,,,,,
1931,20,,,,,
1931,21,,,,,
1931,22,,,,,
1931,23,278,,,,
1932,0,178,138,195,211,
1932,1,167,141,194,211,
1932,2,167,143,194,211,
1932,3,144,145,193,211,
1932,4,111,145,192,211,
1932,5,128,147,192,211,
1932,6,122,148,191,210,
1932,7,122,149,191,210,
1932,8,117,151,190,210,
1932,9,111,153,190,210,
1932,10,122,156,189,210,
1932,11,117,159,189,210,
1932,12,139,161,189,210,
1932,13,161,162,188,210,
1932,14,178,162,188,210,
1932,15,206,163,187,210,
1932,16,217,165,187,210,
1932,17,217,165,187,210,
1932,18,211,166,186,210,
1932,19,211,166,186,210,
1932,20,211,166,186,210,
1932,21,211,166,185,210,
1932,22,206,166,185,210,
1932,23,183,165,185,210,
1933,0,267,204,206,203,101
1933,1,272,208,206,203,101
1933,2,272,213,207,203,101
1933,3,267,217,207,204,101
1933,4,272,222,208,204,101
1933,5,256,226,209,204,101
1933,6,228,229,209,204,101
1933,7,222,233,210,204,101
1933,8,222,236,210,205,101
1933,9,217,240,211,205,101
1933,10,217,243,212,205,101
1933,11,211,247,212,205,101
1933,12,211,251,212,205,101
1933,13,211,252,213,205,101
1933,14,211,252,213,205,101
1933,15,217,252,213,205,101
1933,16,206,250,212,205,101
1933,17,217,248,212,205,101
1933,18,233,245,212,205,101
1933,19,272,244,212,205,101
1933,20,250,242,212,205,101
1933,21,250,240,212,205,102
1933,22,244,238,211,205,102
1933,23,233,237,211,205,102
1934,0,183,179,203,188,79
1934,1,178,179,203,188,79
1934,2,178,179,203,188,79
1934,3,183,180,203,188,79
1934,4,183,180,203,188,79
1934,5,183,181,203,188,79
1934,6,178,182,203,188,79
1934,7,178,182,203,188,79
1934,8,167,181,202,188,79
1934,9,161,181,202,187,79
1934,10,161,181,202,187,79
1934,11,183,182,202,187,79
1934,12,189,182,203,187,79
1934,13,194,183,203,187,79
1934,14,206,184,203,187,79
1934,15,200,185,203,187,79
1934,16,211,186,203,187,79
1934,17,228,187,202,187,79
1934,18,244,189,202,187,79
1934,19,244,191,202,187,79
1934,20,244,193,202,187,79
1934,21,244,196,202,187,79
1934,22,244,198,202,187,79
1934,23,222,199,201,186,79
1935,0,156,167,161,197,85
1935,1,156,167,161,197,85
1935,2,150,166,161,197,85
1935,3,150,165,162,197,85
1935,4,150,164,162,197,85
1935,5,150,163,162,197,85
1935,6,150,162,163,196,85
1935,7,150,161,163,196,85
1935,8,144,160,163,196,85
1935,9,144,160,164,196,85
1935,10,139,159,164,196,85
1935,11,139,159,164,196,85
1935,12,144,158,165,196,85
1935,13,144,158,165,196,85
1935,14,150,157,165,196,85
1935,15,156,157,165,196,85
1935,16,161,156,165,196,85
1935,17,167,155,165,195,85
1935,18,172,154,165,195,85
1935,19,172,154,164,195,85
1935,20,172,154,164,195,85
1935,21,172,154,164,195,85
1935,22,156,154,164,195,85
1935,23,156,154,163,195,85
1936,0,222,252,190,203,83
1936,1,211,250,190,203,83
1936,2,194,248,191,203,83
1936,3,189,245,191,203,83
1936,4,200,242,192,203,83
1936,5,200,240,192,203,83
1936,6,200,238,193,203,83
1936,7,178,235,193,203,83
1936,8,178,232,194,203,83
1936,9,167,228,194,203,83
1936,10,156,225,194,203,83
1936,11,156,222,194,203,83
1936,12,172,220,195,202,83
1936,13,189,218,195,202,83
1936,14,200,217,195,202,84
1936,15,217,215,196,202,84
1936,16,233,214,196,202,84
1936,17,233,213,197,202,84
1936,18,250,212,197,202,84
1936,19,256,211,198,202,84
1936,20,272,210,198,202,84
1936,21,250,210,199,203,84
1936,22,250,209,199,203,84
1936,23,233,209,199,203,84
1937,0,183,176,198,222,93
1937,1,144,176,198,222,93
1937,2,133,176,197,221,93
1937,3,133,177,196,221,93
1937,4,117,176,195,221,93
1937,5,100,175,195,221,93
1937,6,106,174,194,221,93
1937,7,106,173,193,221,93
1937,8,100,171,193,221,93
1937,9,83,169,192,220,93
1937,10,83,167,191,220,93
1937,11,89,166,190,220,93
1937,12,122,165,190,220,93
1937,13,161,164,189,220,93
1937,14,217,164,189,220,93
1937,15,256,166,189,220,93
1937,16,244,167,188,220,93
1937,17,244,167,188,220,93
1937,18,256,168,188,220,93
1937,19,261,169,187,220,93
1937,20,267,170,187,220,93
1937,21,261,171,186,220,93
1937,22,256,172,186,220,93
1937,23,228,173,186,220,93
1938,0,117,127,149,199,91
1938,1,111,126,149,199,91
1938,2,89,124,149,199,91
1938,3,83,122,149,198,91
1938,4,83,120,149,198,91
1938,5,78,119,149,198,91
1938,6,72,116,149,198,91
1938,7,61,114,149,198,91
1938,8,56,112,148,198,91
1938,9,44,111,148,197,91
1938,10,39,109,148,197,91
1938,11,33,107,148,197,91
1938,12,56,106,147,197,91
1938,13,94,105,147,197,91
1938,14,122,105,147,197,91
1938,15,144,105,147,197,91
1938,16,161,105,147,196,91
1938,17,167,106,146,196,91
1938,18,178,106,146,196,91
1938,19,178,107,146,196,91
1938,20,189,108,146,196,91
1938,21,183,109,146,196,91
1938,22,183,111,146,196,91
1938,23,156,112,146,196,91
1939,0,183,172,200,218,92
1939,1,189,173,200,218,92
1939,2,178,174,200,218,92
1939,3,178,175,200,218,92
1939,4,178,177,200,218,92
1939,5,167,178,200,218,92
1939,6,161,179,200,218,92
1939,7,156,179,200,218,92
1939,8,150,179,200,218,92
1939,9,144,180,200,218,92
1939,10,144,180,200,218,92
1939,11,139,179,199,217,92
1939,12,144,179,199,217,92
1939,13,150,177,199,217,92
1939,14,167,176,198,217,92
1939,15,178,175,197,217,92
1939,16,189,175,197,217,92
1939,17,206,175,196,217,92
1939,18,200,174,195,217,92
1939,19,189,173,195,217,92
1939,20,194,173,194,217,92
1939,21,194,173,193,217,92
1939,22,189,173,193,217,92
1939,23,172,172,192,217,92
1940,0,161,126,166,191,75
1940,1,161,127,166,190,75
1940,2,150,129,166,190,75
1940,3,156,132,166,190,75
1940,4,150,134,166,190,75
1940,5,156,138,166,190,75
1940,6,161,141,166,190,75
1940,7,172,145,166,190,75
1940,8,167,150,166,190,75
1940,9,156,154,166,190,75
1940,10,156,158,166,190,75
1940,11,150,162,166,190,75
1940,12,156,166,166,190,75
1940,13,150,167,165,190,75
1940,14,156,167,165,190,75
1940,15,156,166,165,190,75
1940,16,167,165,165,190,75
1940,17,172,164,164,190,75
1940,18,183,164,164,190,75
1940,19,189,164,164,189,75
1940,20,172,164,163,189,75
1940,21,172,163,163,189,75
1940,22,167,163,162,189,75
1940,23,167,163,162,189,75
1941,0,144,145,194,191,87
1941,1,139,144,194,191,87
1941,2,133,143,194,191,87
1941,3,128,143,194,191,87
1941,4,128,143,193,190,87
1941,5,128,143,193,190,87
1941,6,139,144,193,190,87
1941,7,144,145,193,190,87
1941,8,139,146,193,190,87
1941,9,144,148,194,190,87
1941,10,150,149,194,190,87
1941,11,167,151,194,190,87
1941,12,156,152,194,190,87
1941,13,161,154,194,190,87
1941,14,200,156,195,190,87
1941,15,228,160,195,190,87
1941,16,267,165,195,190,87
1941,17,289,170,196,190,87
1941,18,317,176,197,191,87
1941,19,328,182,198,191,87
1941,20,339,188,198,191,87
1941,21,344,194,199,191,87
1941,22,333,200,200,191,87
1941,23,306,206,201,191,87
1942,0,189,196,178,202,97
1942,1,183,195,178,202,97
1942,2,183,194,178,202,97
1942,3,183,193,178,202,97
1942,4,183,192,178,202,97
1942,5,183,191,178,202,97
1942,6,183,190,178,202,97
1942,7,178,189,178,202,97
1942,8,172,189,178,202,97
1942,9,172,188,178,202,97
1942,10,167,188,178,202,97
1942,11,167,187,178,202,97
1942,12,172,187,178,202,97
1942,13,172,186,177,202,97
1942,14,178,186,177,202,97
1942,15,183,185,176,202,97
1942,16,183,184,176,202,97
1942,17,178,183,175,202,97
1942,18,183,183,174,202,97
1942,19,194,182,173,202,97
1942,20,211,183,173,202,97
1942,21,211,183,172,202,97
1942,22,206,183,172,202,97
1942,23,200,184,172,202,97
1943,0,189,191,219,207,85
1943,1,172,191,219,207,85
1943,2,167,191,218,207,85
1943,3,167,192,218,207,85
1943,4,156,193,217,207,85
1943,5,156,194,217,207,85
1943,6,156,195,216,207,85
1943,7,144,196,216,207,85
1943,8,133,197,215,207,85
1943,9,144,197,215,207,85
1943,10,150,199,214,207,85
1943,11,133,198,214,207,85
1943,12,189,199,214,207,85
1943,13,194,198,213,207,85
1943,14,194,197,213,206,85
1943,15,206,195,213,206,85
1943,16,200,193,212,206,85
1943,17,211,190,212,206,85
1943,18,211,188,212,206,85
1943,19,200,186,212,206,85
1943,20,200,182,212,206,85
1943,21,183,179,211,206,85
1943,22,178,176,211,206,85
1943,23,156,175,211,206,85
1944,0,144,131,188,211,85
1944,1,139,131,188,210,85
1944,2,133,132,187,210,85
1944,3,139,132,187,210,85
1944,4,139,133,186,210,85
1944,5,133,133,186,210,85
1944,6,133,134,186,210,85
1944,7,133,134,185,210,85
1944,8,133,135,185,210,85
1944,9,128,135,184,210,85
1944,10,128,136,184,210,85
1944,11,128,136,184,210,85
1944,12,122,136,183,210,85
1944,13,139,136,182,210,85
1944,14,144,137,182,209,85
1944,15,139,137,181,209,85
1944,16,144,137,180,209,85
1944,17,161,138,179,209,85
1944,18,167,140,179,208,85
1944,19,172,141,178,208,85
1944,20,167,142,177,208,85
1944,21,172,143,177,208,85
1944,22,161,143,176,207,85
1944,23,144,143,175,207,85
1945,0,267,254,219,214,88
1945,1,244,255,219,214,88
1945,2,250,256,219,214,88
1945,3,256,259,219,214,88
1945,4,244,261,219,214,88
1945,5,250,262,220,214,88
1945,6,250,264,220,215,88
1945,7,250,265,220,215,88
1945,8,250,267,221,215,88
1945,9,239,269,221,215,88
1945,10,228,270,221,215,88
1945,11,228,272,222,215,88
1945,12,244,274,222,215,88
1945,13,256,274,223,215,88
1945,14,267,273,223,215,88
1945,15,239,271,224,215,88
1945,16,261,269,224,215,88
1945,17,278,267,225,215,88
1945,18,272,264,225,215,88
1945,19,278,262,226,215,88
1945,20,278,260,226,215,88
1945,21,278,257,226,215,88
1945,22,278,257,227,215,89
1945,23,256,256,227,215,89
1946,0,178,178,167,178,88
1946,1,178,177,167,177,88
1946,2,172,175,166,177,88
1946,3,167,174,166,177,88
1946,4,167,174,166,177,88
1946,5,167,173,166,177,88
1946,6,167,173,166,177,88
1946,7,172,173,166,177,88
1946,8,172,173,166,177,88
1946,9,167,173,167,177,88
1946,10,172,173,167,177,88
1946,11,172,173,167,177,88
1946,12,183,174,167,176,88
1946,13,194,175,168,176,88
1946,14,194,177,168,176,88
1946,15,200,178,168,176,88
1946,16,233,180,168,176,88
1946,17,250,183,168,176,88
1946,18,267,186,169,176,88
1946,19,283,190,169,176,88
1946,20,289,195,170,176,88
1946,21,283,199,170,176,88
1946,22,267,203,171,176,88
1946,23,250,206,172,176,88
1947,0,228,228,217,233,96
1947,1,217,228,217,233,96
1947,2,206,227,217,233,96
1947,3,200,227,216,233,96
1947,4,194,226,216,233,96
1947,5,183,225,216,233,96
1947,6,189,225,216,233,96
1947,7,178,225,216,233,96
1947,8,178,224,215,233,96
1947,9,178,224,215,233,96
1947,10,172,223,215,233,96
1947,11,172,222,215,233,96
1947,12,200,222,215,233,96
1947,13,244,223,215,233,96
1947,14,267,226,216,233,96
1947,15,278,228,216,234,96
1947,16,283,229,216,234,96
1947,17,289,230,216,234,96
1947,18,294,231,217,234,96
1947,19,300,231,217,234,96
1947,20,289,230,217,234,96
1947,21,294,231,218,234,96
1947,22,278,231,218,234,96
1947,23,256,232,218,234,96
1948,0,222,232,213,217,87
1948,1,211,231,213,217,87
1948,2,189,230,214,217,87
1948,3,189,229,214,217,87
1948,4,172,227,215,217,87
1948,5,172,225,215,217,87
1948,6,172,224,215,217,87
1948,7,161,222,215,217,87
1948,8,161,220,216,217,87
1948,9,144,217,216,217,87
1948,10,144,215,216,217,87
1948,11,178,213,216,218,87
1948,12,189,212,216,218,87
1948,13,194,211,217,218,87
1948,14,222,210,217,218,87
1948,15,261,209,217,218,87
1948,16,272,210,218,218,87
1948,17,267,210,218,218,87
1948,18,272,210,218,218,87
1948,19,206,207,218,218,87
1948,20,211,205,218,218,87
1948,21,200,204,217,217,87
1948,22,200,202,217,217,87
1948,23,189,200,217,217,87
1949,0,122,135,179,209,107
1949,1,111,134,179,208,107
1949,2,117,133,179,208,107
1949,3,100,132,179,208,107
1949,4,100,131,179,208,107
1949,5,94,130,179,208,107
1949,6,89,128,179,207,107
1949,7,89,127,179,207,107
1949,8,89,126,179,207,107
1949,9,89,125,179,207,107
1949,10,83,123,179,206,107
1949,11,89,122,179,206,106
1949,12,100,121,179,206,106
1949,13,100,120,179,206,106
1949,14,111,118,178,205,106
1949,15,106,116,178,205,106
1949,16,133,114,177,205,106
1949,17,156,114,177,205,106
1949,18,150,113,176,204,106
1949,19,156,114,176,204,106
1949,20,167,115,176,204,106
1949,21,144,115,175,204,106
1949,22,156,116,175,203,106
1949,23,139,116,174,203,106
1950,0,189,169,161,197,89
1950,1,178,170,161,197,89
1950,2,172,171,161,196,89
1950,3,167,172,161,196,89
1950,4,156,173,160,196,89
1950,5,156,174,160,196,89
1950,6,150,175,160,196,89
1950,7,139,176,160,196,89
1950,8,139,178,160,196,89
1950,9,133,180,160,196,89
1950,10,133,182,159,196,89
1950,11,139,184,159,196,89
1950,12,150,186,159,196,89
1950,13,183,188,160,196,89
1950,14,222,189,160,196,89
1950,15,244,190,160,196,89
1950,16,278,191,161,196,89
1950,17,283,193,161,196,89
1950,18,283,195,162,196,89
1950,19,300,197,162,196,89
1950,20,300,199,163,196,89
1950,21,283,201,163,196,89
1950,22,278,203,164,196,89
1950,23,244,204,164,196,89
1951,0,156,133,161,191,90
1951,1,150,134,161,191,90
1951,2,122,135,161,191,90
1951,3,111,135,161,191,90
1951,4,111,135,160,191,90
1951,5,106,135,160,190,90
1951,6,94,135,160,190,90
1951,7,94,135,159,190,90
1951,8,89,136,159,190,90
1951,9,83,136,159,190,90
1951,10,78,136,158,190,90
1951,11,83,136,158,189,90
1951,12,94,136,158,189,90
1951,13,139,137,158,189,90
1951,14,172,139,158,189,90
1951,15,194,140,159,189,90
1951,16,211,142,159,189,90
1951,17,222,144,160,189,90
1951,18,228,146,160,189,90
1951,19,244,148,161,189,90
1951,20,250,150,162,189,90
1951,21,244,152,162,189,90
1951,22,228,153,163,189,90
1951,23,211,155,163,189,89
1952,0,172,138,178,202,93
1952,1,156,139,178,202,93
1952,2,139,140,178,202,93
1952,3,139,142,177,202,93
1952,4,133,144,177,202,93
1952,5,133,146,177,202,93
1952,6,139,148,177,202,93
1952,7,133,151,176,202,93
1952,8,122,154,176,202,93
1952,9,106,156,176,201,93
1952,10,100,158,175,201,93
1952,11,111,160,175,201,93
1952,12,128,162,175,201,93
1952,13,167,164,175,201,93
1952,14,189,165,174,201,93
1952,15,217,167,174,201,93
1952,16,228,168,173,201,93
1952,17,239,169,173,201,93
1952,18,250,169,172,201,93
1952,19,256,171,172,201,93
1952,20,256,172,172,201,93
1952,21,256,173,172,201,93
1952,22,244,175,173,201,93
1952,23,222,176,173,201,93
1953,0,161,170,235,223,101
1953,1,150,168,234,223,101
1953,2,144,167,233,223,101
1953,3,133,165,232,223,101
1953,4,133,164,231,222,101
1953,5,133,163,231,222,101
1953,6,128,163,230,222,101
1953,7,117,161,229,222,101
1953,8,117,160,228,222,101
1953,9,106,159,227,222,101
1953,10,100,157,226,222,101
1953,11,89,155,225,222,101
1953,12,106,154,225,222,101
1953,13,144,153,224,222,101
1953,14,167,152,223,222,101
1953,15,183,153,222,222,101
1953,16,194,153,221,221,101
1953,17,194,153,220,221,101
1953,18,206,153,220,221,101
1953,19,217,154,219,222,101
1953,20,217,154,218,222,101
1953,21,211,154,217,222,101
1953,22,200,155,216,222,101
1953,23,178,155,216,222,101
1954,0,161,203,208,196,96
1954,1,150,198,208,196,96
1954,2,144,194,208,196,96
1954,3,139,192,208,195,96
1954,4,139,189,208,195,96
1954,5,139,187,208,195,96
1954,6,133,184,208,195,96
1954,7,133,182,208,195,96
1954,8,133,180,208,195,96
1954,9,133,178,208,195,96
1954,10,128,175,208,195,96
1954,11,128,173,208,195,96
1954,12,144,171,208,195,96
1954,13,150,169,208,195,96
1954,14,167,168,208,195,96
1954,15,183,166,208,195,96
1954,16,183,165,207,195,96
1954,17,189,163,207,195,96
1954,18,200,162,207,194,96
1954,19,211,161,206,194,96
1954,20,217,161,206,194,96
1954,21,211,161,206,194,96
1954,22,206,162,205,194,96
1954,23,189,163,205,194,96
1955,0,122,122,179,216,99
1955,1,122,122,178,216,99
1955,2,122,122,178,216,99
1955,3,111,122,178,216,99
1955,4,111,123,177,216,99
1955,5,83,122,177,216,99
1955,6,78,122,176,215,99
1955,7,78,122,176,215,99
1955,8,61,122,176,215,99
1955,9,67,122,175,215,99
1955,10,61,122,175,215,99
1955,11,61,121,174,215,99
1955,12,78,121,174,215,99
1955,13,122,122,174,214,99
1955,14,161,122,173,214,99
1955,15,194,124,173,214,99
1955,16,217,126,173,214,99
1955,17,228,129,173,214,99
1955,18,228,131,173,214,99
1955,19,206,132,173,214,99
1955,20,206,133,173,214,99
1955,21,206,134,173,214,99
1955,22,194,135,173,214,99
1955,23,194,138,173,213,99
1956,0,122,126,194,204,81
1956,1,106,125,194,204,81
1956,2,111,125,193,204,81
1956,3,106,124,192,204,81
1956,4,106,123,191,203,81
1956,5,100,123,191,203,81
1956,6,78,121,190,203,81
1956,7,83,120,189,203,81
1956,8,89,119,188,203,81
1956,9,89,118,187,203,81
1956,10,83,117,186,202,81
1956,11,89,117,185,202,81
1956,12,100,117,185,202,81
1956,13,117,117,184,202,81
1956,14,139,118,184,202,81
1956,15,150,119,183,202,81
1956,16,156,120,183,202,81
1956,17,161,120,183,202,81
1956,18,172,122,183,201,81
1956,19,172,122,182,201,81
1956,20,167,122,182,201,81
1956,21,161,123,182,201,81
1956,22,156,123,181,201,81
1956,23,139,123,181,201,81
1957,0,150,157,181,189,92
1957,1,133,156,180,188,92
1957,2,128,156,180,188,92
1957,3,122,155,180,188,92
1957,4,106,153,180,188,92
1957,5,100,152,179,188,92
1957,6,89,149,179,188,92
1957,7,83,147,178,188,92
1957,8,78,145,178,187,92
1957,9,78,143,178,187,92
1957,10,67,141,177,187,92
1957,11,67,139,177,187,92
1957,12,78,137,176,187,92
1957,13,117,136,176,187,92
1957,14,139,135,175,187,92
1957,15,178,135,175,186,92
1957,16,194,136,175,186,92
1957,17,206,136,175,186,92
1957,18,211,138,174,186,92
1957,19,211,138,175,186,92
1957,20,211,139,175,186,92
1957,21,222,139,175,186,92
1957,22,211,140,175,186,92
1957,23,200,141,174,186,92
1958,0,150,158,182,197,88
1958,1,144,157,182,197,88
1958,2,128,156,182,196,88
1958,3,128,155,182,196,88
1958,4,117,154,182,196,88
1958,5,117,152,182,196,88
1958,6,111,151,182,196,88
1958,7,106,150,182,196,88
1958,8,106,148,182,196,88
1958,9,106,147,182,195,88
1958,10,100,145,182,195,88
1958,11,94,144,182,195,88
1958,12,106,142,182,195,88
1958,13,133,142,182,195,88
1958,14,150,141,182,195,88
1958,15,167,141,182,195,88
1958,16,189,142,183,195,88
1958,17,194,142,183,195,88
1958,18,200,142,183,195,88
1958,19,206,143,183,195,88
1958,20,211,145,184,194,88
1958,21,206,147,184,194,88
1958,22,189,147,184,194,88
1958,23,189,148,184,194,88
1959,0,306,276,247,245,89
1959,1,283,276,247,246,89
1959,2,278,277,247,246,89
1959,3,256,278,247,246,89
1959,4,256,278,247,246,89
1959,5,244,278,247,246,89
1959,6,233,278,247,246,89
1959,7,233,277,247,246,89
1959,8,228,277,247,246,89
1959,9,228,277,247,246,89
1959,10,222,277,247,246,89
1959,11,222,276,247,246,89
1959,12,233,276,247,246,89
1959,13,261,277,247,246,89
1959,14,283,277,247,246,89
1959,15,306,278,247,247,89
1959,16,311,278,247,247,89
1959,17,322,278,247,247,90
1959,18,333,278,248,247,90
1959,19,328,278,248,247,90
1959,20,328,278,248,247,90
1959,21,333,278,248,247,90
1959,22,317,278,248,247,90
1959,23,306,277,248,248,90
1960,0,278,261,190,204,90
1960,1,267,262,191,204,90
1960,2,261,262,191,205,90
1960,3,256,262,191,205,90
1960,4,244,262,191,205,90
1960,5,239,262,191,205,90
1960,6,239,262,192,205,90
1960,7,233,263,192,205,90
1960,8,228,263,192,205,90
1960,9,211,262,193,205,90
1960,10,217,262,193,205,90
1960,11,217,263,194,206,90
1960,12,217,263,194,206,90
1960,13,233,263,195,206,90
1960,14,256,263,195,206,90
1960,15,272,263,195,206,90
1960,16,294,263,196,206,90
1960,17,306,263,196,206,90
1960,18,317,264,197,207,90
1960,19,311,263,198,207,90
1960,20,306,263,198,207,90
1960,21,211,258,198,207,90
1960,22,211,255,198,207,90
1960,23,206,251,198,207,90
1961,0,239,227,247,220,87
1961,1,222,226,247,220,87
1961,2,217,226,247,220,87
1961,3,211,226,246,220,87
1961,4,206,225,246,220,87
1961,5,194,224,246,220,87
1961,6,183,223,245,220,87
1961,7,167,222,245,220,87
1961,8,172,221,244,220,86
1961,9,167,220,244,220,86
1961,10,161,219,243,220,86
1961,11,156,218,242,220,86
1961,12,161,217,242,220,86
1961,13,189,216,242,220,86
1961,14,206,216,241,220,86
1961,15,228,216,241,219,86
1961,16,250,217,241,219,86
1961,17,261,217,240,219,86
1961,18,278,218,240,219,86
1961,19,289,219,240,219,86
1961,20,289,219,240,219,86
1961,21,289,219,240,219,86
1961,22,283,220,240,219,86
1961,23,261,220,240,219,86
1962,0,200,166,161,194,95
1962,1,183,168,161,194,95
1962,2,167,169,160,194,95
1962,3,161,170,160,194,95
1962,4,161,172,160,194,95
1962,5,156,173,160,194,95
1962,6,150,174,160,194,95
1962,7,150,175,159,194,95
1962,8,144,177,159,194,95
1962,9,144,179,159,194,95
1962,10,139,181,159,194,95
1962,11,150,183,159,194,95
1962,12,156,186,159,194,95
1962,13,167,188,159,194,95
1962,14,200,189,159,194,95
1962,15,206,190,159,194,95
1962,16,228,190,160,195,95
1962,17,228,190,160,195,95
1962,18,233,190,160,195,95
1962,19,239,190,160,195,95
1962,20,239,189,160,195,95
1962,21,233,188,160,195,95
1962,22,233,188,160,195,95
1962,23,222,187,160,195,95
1963,0,217,181,162,172,78
1963,1,194,183,163,172,78
1963,2,183,184,163,172,78
1963,3,183,185,163,172,78
1963,4,194,188,164,172,78
1963,5,194,190,164,172,78
1963,6,183,192,164,173,78
1963,7,183,194,165,173,78
1963,8,172,196,165,173,78
1963,9,172,198,166,173,78
1963,10,172,201,166,173,78
1963,11,167,203,167,173,78
1963,12,172,205,167,173,78
1963,13,189,207,167,173,78
1963,14,194,207,167,173,78
1963,15,194,206,167,173,78
1963,16,211,205,167,173,78
1963,17,222,204,167,173,78
1963,18,233,203,167,173,78
1963,19,239,203,166,173,78
1963,20,233,202,166,173,78
1963,21,233,201,166,173,78
1963,22,228,200,166,173,78
1963,23,211,199,166,173,78
1964,0,244,219,190,194,92
1964,1,250,222,191,194,92
1964,2,233,225,192,194,92
1964,3,233,228,192,194,92
1964,4,211,230,193,195,92
1964,5,222,233,194,195,92
1964,6,228,237,194,195,92
1964,7,228,241,195,195,92
1964,8,228,245,196,195,92
1964,9,211,248,196,195,92
1964,10,200,251,197,195,92
1964,11,189,253,198,196,92
1964,12,200,255,198,196,92
1964,13,211,256,199,196,92
1964,14,217,255,199,196,92
1964,15,222,253,199,196,92
1964,16,233,251,199,196,92
1964,17,228,247,199,196,92
1964,18,244,244,199,196,92
1964,19,267,241,200,196,92
1964,20,278,239,200,196,92
1964,21,267,236,200,196,92
1964,22,261,233,200,196,92
1964,23,244,231,201,196,92
1965,0,161,188,176,192,84
1965,1,156,186,176,192,84
1965,2,156,185,176,192,84
1965,3,139,183,176,192,84
1965,4,139,181,176,191,84
1965,5,128,179,176,191,84
1965,6,111,176,176,191,84
1965,7,100,172,176,191,84
1965,8,94,169,176,191,84
1965,9,89,165,175,191,84
1965,10,100,162,175,190,84
1965,11,100,159,175,190,84
1965,12,117,156,175,190,84
1965,13,144,154,175,190,84
1965,14,156,153,175,190,84
1965,15,183,152,175,190,84
1965,16,228,154,175,190,84
1965,17,217,154,175,190,84
1965,18,228,156,175,190,84
1965,19,233,157,175,190,84
1965,20,233,158,175,190,84
1965,21,228,160,176,190,84
1965,22,211,160,176,190,84
1965,23,206,161,176,190,84
1966,0,161,165,189,204,84
1966,1,156,165,189,204,84
1966,2,144,165,189,204,84
1966,3,133,164,189,204,84
1966,4,128,164,188,204,84
1966,5,128,164,188,204,84
1966,6,111,163,188,204,84
1966,7,111,163,187,204,84
1966,8,106,162,187,204,84
1966,9,106,162,186,203,84
1966,10,122,163,186,203,84
1966,11,117,163,186,203,84
1966,12,150,164,185,203,84
1966,13,172,166,185,203,84
1966,14,194,166,185,203,84
1966,15,206,167,185,203,84
1966,16,211,166,184,203,84
1966,17,222,166,184,203,84
1966,18,233,167,183,203,84
1966,19,239,168,183,203,84
1966,20,239,168,183,203,84
1966,21,228,168,182,203,84
1966,22,222,169,182,203,84
1966,23,211,169,182,203,84
1967,0,233,198,175,183,83
1967,1,211,200,176,183,83
1967,2,217,202,177,183,83
1967,3,217,205,177,183,83
1967,4,217,207,178,183,83
1967,5,211,210,178,183,83
1967,6,211,213,179,183,83
1967,7,211,216,180,183,83
1967,8,211,219,181,183,83
1967,9,206,223,182,183,84
1967,10,206,226,183,183,84
1967,11,206,230,184,183,84
1967,12,211,233,184,183,84
1967,13,211,234,185,183,84
1967,14,217,235,185,183,84
1967,15,217,234,186,183,84
1967,16,233,232,186,183,84
1967,17,239,231,187,183,84
1967,18,244,229,187,183,84
1967,19,200,226,187,183,84
1967,20,194,222,188,183,84
1967,21,194,218,188,183,84
1967,22,194,215,188,183,84
1967,23,183,212,188,183,84
1968,0,194,158,188,194,84
1968,1,183,159,188,194,84
1968,2,172,161,188,194,84
1968,3,161,162,188,194,84
1968,4,156,164,188,194,84
1968,5,133,165,188,194,84
1968,6,133,166,187,193,84
1968,7,128,168,187,193,84
1968,8,133,170,187,193,84
1968,9,128,172,186,193,84
1968,10,133,174,186,193,84
1968,11,128,176,186,193,84
1968,12,139,178,185,193,84
1968,13,172,180,185,193,84
1968,14,200,181,185,193,84
1968,15,228,182,185,193,84
1968,16,250,184,185,193,84
1968,17,261,186,185,193,84
1968,18,267,187,186,193,84
1968,19,256,188,186,193,84
1968,20,267,189,186,193,84
1968,21,261,189,186,193,84
1968,22,250,190,187,193,84
1968,23,228,190,187,193,84
1969,0,189,,,,
1969,1,187,,,,
1969,2,,,,,
1969,3,183,,,,
1969,4,178,,,,
1969,5,,,,,
1969,6,167,,,,
1969,7,163,,,,
1969,8,,,,,
1969,9,156,,,,
1969,10,160,,,,
1969,11,,,,,
1969,12,167,,,,
1969,13,182,,,,
1969,14,,,,,
1969,15,211,,,,
1969,16,213,,,,
1969,17,,,,,
1969,18,217,,,,
1969,19,211,,,,
1969,20,,,,,
1969,21,200,,,,
1969,22,185,,,,
1969,23,,,,,
1970,0,211,,,,
1970,1,204,,,,
1970,2,,,,,
1970,3,189,,,,
1970,4,187,,,,
1970,5,,,,,
1970,6,183,,,,
1970,7,183,,,,
1970,8,,,,,
1970,9,183,,,,
1970,10,178,,,,
1970,11,,,,,
1970,12,167,,,,
1970,13,172,,,,
1970,14,,,,,
1970,15,183,,,,
1970,16,192,,,,
1970,17,,,,,
1970,18,211,,,,
1970,19,205,,,,
1970,20,,,,,
1970,21,194,,,,
1970,22,194,,,,
1970,23,,,,,
1971,0,261,253,237,199,
1971,1,244,254,237,199,
1971,2,239,255,238,199,
1971,3,233,255,239,199,
1971,4,239,256,240,199,
1971,5,233,256,240,199,
1971,6,239,257,241,199,
1971,7,239,257,242,199,
1971,8,228,257,242,199,
1971,9,228,258,243,199,
1971,10,228,258,244,199,
1971,11,222,259,244,199,
1971,12,222,258,245,199,
1971,13,233,258,245,199,
1971,14,233,256,245,199,
1971,15,250,256,245,199,
1971,16,256,254,246,199,
1971,17,267,253,246,199,
1971,18,267,252,246,199,
1971,19,267,250,246,199,
1971,20,256,248,246,199,
1971,21,244,246,246,199,
1971,22,233,243,246,199,
1971,23,211,240,246,199,
1972,0,200,201,185,202,88
1972,1,200,201,184,203,88
1972,2,200,201,184,203,88
1972,3,194,201,184,203,88
1972,4,200,202,184,203,88
1972,5,200,203,184,203,88
1972,6,200,204,184,203,88
1972,7,200,203,184,203,88
1972,8,200,204,184,203,88
1972,9,200,204,185,203,88
1972,10,189,204,185,203,88
1972,11,178,204,185,204,88
1972,12,172,203,185,204,88
1972,13,178,202,185,204,88
1972,14,189,201,185,204,88
1972,15,206,200,185,204,88
1972,16,217,200,185,204,88
1972,17,217,200,184,204,88
1972,18,217,201,184,204,88
1972,19,217,201,184,204,88
1972,20,206,200,183,204,88
1972,21,211,200,183,204,88
1972,22,206,200,183,204,88
1972,23,178,199,182,204,88
1973,0,144,162,232,226,96
1973,1,133,160,231,226,96
1973,2,128,159,230,226,96
1973,3,122,157,230,225,96
1973,4,117,157,229,225,96
1973,5,117,156,229,225,96
1973,6,117,156,228,225,96
1973,7,111,154,227,225,96
1973,8,106,153,227,225,96
1973,9,111,151,226,224,96
1973,10,111,150,226,224,96
1973,11,111,150,225,224,96
1973,12,128,149,225,224,96
1973,13,144,149,224,224,96
1973,14,156,147,223,224,96
1973,15,167,147,223,224,96
1973,16,167,146,222,223,96
1973,17,178,146,221,223,96
1973,18,167,145,220,223,96
1973,19,172,144,219,223,96
1973,20,172,143,218,223,96
1973,21,183,143,217,223,96
1973,22,172,142,217,222,96
1973,23,161,141,216,222,96
1974,0,183,176,147,188,86
1974,1,172,176,147,188,86
1974,2,161,176,147,188,86
1974,3,156,177,147,188,86
1974,4,156,177,147,188,86
1974,5,150,177,148,188,86
1974,6,150,178,148,188,86
1974,7,150,178,148,188,86
1974,8,144,179,148,188,86
1974,9,144,180,148,188,86
1974,10,144,180,149,188,86
1974,11,139,181,149,188,86
1974,12,150,181,149,188,86
1974,13,183,182,149,188,86
1974,14,206,183,149,188,86
1974,15,228,184,149,188,86
1974,16,239,184,150,188,86
1974,17,239,184,150,188,86
1974,18,250,185,150,188,86
1974,19,250,185,150,188,86
1974,20,250,187,150,188,86
1974,21,244,187,151,188,86
1974,22,239,188,151,188,86
1974,23,228,190,151,188,86
1975,0,172,170,153,184,91
1975,1,161,171,153,184,91
1975,2,161,173,153,184,91
1975,3,156,174,153,184,91
1975,4,139,175,153,184,91
1975,5,133,176,153,184,91
1975,6,128,176,153,184,91
1975,7,117,175,153,184,91
1975,8,111,174,152,184,91
1975,9,106,173,152,183,91
1975,10,106,172,152,183,91
1975,11,106,170,151,183,91
1975,12,100,168,151,183,91
1975,13,111,165,150,183,91
1975,14,111,161,150,183,91
1975,15,128,158,150,182,91
1975,16,122,153,149,182,91
1975,17,122,149,148,182,91
1975,18,133,145,148,182,91
1975,19,144,142,148,182,91
1975,20,150,138,147,182,91
1975,21,133,135,147,181,91
1975,22,133,132,146,181,91
1975,23,117,129,145,181,90
1976,0,194,205,165,188,90
1976,1,178,204,165,188,90
1976,2,161,202,165,187,90
1976,3,150,200,165,187,90
1976,4,150,198,165,187,90
1976,5,144,197,165,187,90
1976,6,133,194,164,187,90
1976,7,128,193,164,187,90
1976,8,128,191,164,187,90
1976,9,117,190,164,187,90
1976,10,117,189,164,187,90
1976,11,111,188,164,187,90
1976,12,122,186,164,187,90
1976,13,144,184,164,187,90
1976,14,172,182,164,187,90
1976,15,206,181,165,187,90
1976,16,233,181,165,187,90
1976,17,233,181,165,187,90
1976,18,250,180,166,187,90
1976,19,256,180,166,187,90
1976,20,250,179,166,187,90
1976,21,239,178,167,187,90
1976,22,239,178,167,187,90
1976,23,228,178,167,187,90
1977,0,172,155,185,188,82
1977,1,150,155,185,188,82
1977,2,150,156,185,188,82
1977,3,139,156,184,188,82
1977,4,139,157,183,188,82
1977,5,156,158,183,188,82
1977,6,156,160,183,188,82
1977,7,178,163,182,188,82
1977,8,178,166,182,188,82
1977,9,183,169,182,188,82
1977,10,176,172,182,188,82
1977,11,183,176,182,188,82
1977,12,194,179,182,188,82
1977,13,200,182,182,188,82
1977,14,211,185,181,188,82
1977,15,228,187,181,189,82
1977,16,239,189,181,189,82
1977,17,254,191,181,189,82
1977,18,261,193,181,189,82
1977,19,256,194,181,188,82
1977,20,256,196,181,189,82
1977,21,256,197,181,188,82
1977,22,250,198,182,189,82
1977,23,233,200,182,188,82
1978,0,167,131,190,210,83
1978,1,167,133,190,210,83
1978,2,167,135,190,210,83
1978,3,167,138,190,210,83
1978,4,167,141,190,210,83
1978,5,161,145,190,210,83
1978,6,144,148,191,210,83
1978,7,139,151,191,210,83
1978,8,139,154,191,210,83
1978,9,128,157,191,209,83
1978,10,133,160,191,209,83
1978,11,128,163,191,209,83
1978,12,128,165,191,209,83
1978,13,128,165,191,209,83
1978,14,144,165,191,209,83
1978,15,161,164,191,209,83
1978,16,165,163,190,209,83
1978,17,172,162,190,209,83
1978,18,183,161,189,209,83
1978,19,183,160,189,209,83
1978,20,178,158,188,208,83
1978,21,178,158,187,208,83
1978,22,167,157,187,208,83
1978,23,156,156,186,208,83
1979,0,117,136,201,194,85
1979,1,94,134,201,194,85
1979,2,94,132,200,194,85
1979,3,89,129,199,193,85
1979,4,89,127,198,193,85
1979,5,83,125,197,193,85
1979,6,83,123,197,193,85
1979,7,72,120,196,193,85
1979,8,67,118,195,193,85
1979,9,67,116,194,193,85
1979,10,67,114,193,193,85
1979,11,56,111,192,192,85
1979,12,78,110,191,192,85
1979,13,106,110,191,192,85
1979,14,128,110,190,192,85
1979,15,144,110,189,192,85
1979,16,156,110,189,192,85
1979,17,172,111,188,192,85
1979,18,178,112,188,192,85
1979,19,172,112,187,192,85
1979,20,183,114,187,192,85
1979,21,189,115,186,191,85
1979,22,178,116,186,191,85
1979,23,161,118,185,191,85
1980,0,172,178,209,218,94
1980,1,150,177,208,218,94
1980,2,139,177,208,218,94
1980,3,128,176,207,218,94
1980,4,122,175,206,218,94
1980,5,117,173,206,218,94
1980,6,111,172,205,217,94
1980,7,106,170,204,217,94
1980,8,100,169,204,217,94
1980,9,94,168,203,217,94
1980,10,83,166,202,217,94
1980,11,94,165,201,217,94
1980,12,106,164,201,217,94
1980,13,156,164,200,217,94
1980,14,206,164,200,217,94
1980,15,222,164,200,217,94
1980,16,233,164,200,217,94
1980,17,237,165,199,217,94
1980,18,244,165,199,217,94
1980,19,254,165,199,217,94
1980,20,267,167,199,217,94
1980,21,267,168,199,217,94
1980,22,261,170,199,217,94
1980,23,244,171,200,217,94
1981,0,189,212,199,205,91
1981,1,178,211,198,205,91
1981,2,167,210,198,205,91
1981,3,167,208,198,205,91
1981,4,167,206,197,205,91
1981,5,161,204,197,204,91
1981,6,156,201,197,204,91
1981,7,156,199,196,204,91
1981,8,139,196,196,204,91
1981,9,139,193,195,204,91
1981,10,139,190,195,204,91
1981,11,128,187,194,204,91
1981,12,139,184,194,204,91
1981,13,139,180,193,204,91
1981,14,144,177,193,204,91
1981,15,150,173,193,204,91
1981,16,144,169,192,203,91
1981,17,133,165,192,203,91
1981,18,156,163,192,203,91
1981,19,150,160,191,203,91
1981,20,156,158,191,203,91
1981,21,156,156,191,202,91
1981,22,150,154,191,202,91
1981,23,128,151,190,202,91
1982,0,139,133,158,172,78
1982,1,117,133,157,172,78
1982,2,111,133,157,172,78
1982,3,100,133,156,172,78
1982,4,94,133,155,172,78
1982,5,94,133,154,171,78
1982,6,89,133,154,171,78
1982,7,89,134,153,171,78
1982,8,83,134,152,171,78
1982,9,78,134,151,171,78
1982,10,89,134,151,171,78
1982,11,89,134,150,171,78
1982,12,94,134,149,171,78
1982,13,122,134,149,171,78
1982,14,161,135,148,170,78
1982,15,194,136,148,170,78
1982,16,211,138,148,170,78
1982,17,222,139,148,170,78
1982,18,233,141,148,170,78
1982,19,244,142,148,171,78
1982,20,250,145,148,171,78
1982,21,256,147,148,171,78
1982,22,244,149,148,171,78
1982,23,228,151,149,171,78
1983,0,178,182,207,200,92
1983,1,161,182,207,200,92
1983,2,150,181,207,200,92
1983,3,139,180,207,200,92
1983,4,139,179,207,200,92
1983,5,128,178,207,200,92
1983,6,128,177,208,200,92
1983,7,122,176,208,200,92
1983,8,117,176,208,200,92
1983,9,111,175,208,199,92
1983,10,106,175,208,199,92
1983,11,106,174,208,199,92
1983,12,128,173,208,199,92
1983,13,161,172,208,199,92
1983,14,183,172,208,199,92
1983,15,217,172,208,200,92
1983,16,244,172,208,200,92
1983,17,261,174,208,200,92
1983,18,267,175,208,200,92
1983,19,272,176,208,200,92
1983,20,283,178,208,200,92
1983,21,289,180,208,200,92
1983,22,283,183,208,200,92
1983,23,256,185,209,200,92
1984,0,194,160,136,178,76
1984,1,178,162,136,178,76
1984,2,172,165,136,178,76
1984,3,167,167,136,178,76
1984,4,156,170,137,178,76
1984,5,156,172,137,178,76
1984,6,156,174,137,178,76
1984,7,156,176,137,178,76
1984,8,150,178,137,178,76
1984,9,144,179,137,177,76
1984,10,139,179,137,177,76
1984,11,139,180,138,177,76
1984,12,150,181,138,177,76
1984,13,172,182,138,177,76
1984,14,189,183,138,177,76
1984,15,206,184,139,177,76
1984,16,217,185,139,177,76
1984,17,222,186,140,177,76
1984,18,228,186,140,177,76
1984,19,233,186,141,177,76
1984,20,233,185,141,177,76
1984,21,222,185,142,176,76
1984,22,217,184,142,176,76
1984,23,206,183,142,176,76
1985,0,228,236,229,207,92
1985,1,211,234,229,207,92
1985,2,200,232,229,207,92
1985,3,206,231,230,207,92
1985,4,206,230,230,207,92
1985,5,206,229,230,207,92
1985,6,206,229,230,207,92
1985,7,200,227,230,207,92
1985,8,200,225,230,207,92
1985,9,200,224,230,207,92
1985,10,200,222,230,207,92
1985,11,200,221,230,207,92
1985,12,200,220,231,207,92
1985,13,206,218,231,207,92
1985,14,211,217,231,207,92
1985,15,222,217,231,207,92
1985,16,233,217,231,207,92
1985,17,233,217,231,207,92
1985,18,206,215,231,207,92
1985,19,217,214,231,206,92
1985,20,228,214,231,206,92
1985,21,222,213,230,206,92
1985,22,206,212,230,206,92
1985,23,200,210,230,206,92
1986,0,150,129,166,181,90
1986,1,133,130,165,181,90
1986,2,150,131,165,181,90
1986,3,100,131,165,181,90
1986,4,94,130,165,181,90
1986,5,83,129,164,181,90
1986,6,83,129,164,181,90
1986,7,78,128,164,180,90
1986,8,94,128,163,180,90
1986,9,83,128,163,180,90
1986,10,83,128,163,180,90
1986,11,78,127,163,180,90
1986,12,106,128,162,180,90
1986,13,150,130,162,180,90
1986,14,183,132,162,180,90
1986,15,194,134,162,180,90
1986,16,206,136,162,180,90
1986,17,206,139,162,179,90
1986,18,217,140,162,179,90
1986,19,222,142,161,179,90
1986,20,228,144,161,179,90
1986,21,217,145,161,179,90
1986,22,217,147,161,179,90
1986,23,200,148,161,179,90
1987,0,206,,167,191,94
1987,1,200,,168,191,94
1987,2,194,,168,192,94
1987,3,189,,168,192,94
1987,4,191,,168,192,94
1987,5,,,169,192,95
1987,6,194,,169,192,95
1987,7,194,,169,192,95
1987,8,194,,170,192,95
1987,9,192,,170,192,95
1987,10,189,,170,192,95
1987,11,189,,170,192,95
1987,12,194,,171,192,95
1987,13,196,,171,192,95
1987,14,,,172,192,95
1987,15,200,,172,192,95
1987,16,206,,172,192,95
1987,17,206,,173,192,95
1987,18,233,,173,192,95
1987,19,239,,174,192,95
1987,20,239,,174,192,95
1987,21,239,,175,192,95
1987,22,228,,175,192,95
1987,23,211,,176,192,95
1988,0,189,150,165,196,92
1988,1,161,152,165,195,92
1988,2,144,153,165,195,92
1988,3,133,154,165,195,92
1988,4,139,156,165,195,92
1988,5,111,156,165,195,92
1988,6,122,158,164,194,92
1988,7,117,159,164,194,92
1988,8,117,161,164,194,92
1988,9,117,163,164,194,92
1988,10,122,165,164,194,92
1988,11,128,167,164,194,92
1988,12,156,170,164,193,92
1988,13,172,171,164,193,92
1988,14,200,172,164,193,92
1988,15,222,173,164,193,92
1988,16,239,174,164,193,92
1988,17,244,175,164,193,92
1988,18,244,176,164,193,92
1988,19,256,177,164,193,92
1988,20,256,178,163,193,92
1988,21,256,179,163,193,92
1988,22,244,179,163,193,92
1988,23,233,180,163,193,92
1989,0,261,228,191,194,88
1989,1,250,229,191,194,88
1989,2,239,230,191,194,88
1989,3,228,231,191,194,88
1989,4,206,232,191,194,88
1989,5,200,232,191,194,88
1989,6,200,233,192,195,88
1989,7,194,234,192,195,88
1989,8,194,234,192,195,88
1989,9,194,235,192,195,88
1989,10,189,236,192,195,88
1989,11,194,236,192,195,88
1989,12,194,235,192,195,88
1989,13,228,236,193,195,88
1989,14,256,237,193,195,88
1989,15,275,238,194,195,88
1989,16,294,240,194,195,88
1989,17,297,241,195,195,88
1989,18,300,242,195,195,88
1989,19,308,243,196,196,88
1989,20,317,244,196,196,88
1989,21,308,245,197,196,88
1989,22,300,246,197,196,88
1989,23,283,246,198,196,88
1990,0,156,135,193,206,91
1990,1,133,134,193,206,91
1990,2,122,133,192,206,91
1990,3,117,133,191,206,91
1990,4,111,132,191,206,91
1990,5,117,133,190,206,91
1990,6,133,135,190,206,91
1990,7,117,136,189,206,91
1990,8,117,138,189,206,91
1990,9,117,140,188,205,91
1990,10,122,142,188,205,91
1990,11,133,145,188,205,91
1990,12,144,147,187,205,91
1990,13,161,149,187,205,91
1990,14,178,151,186,205,91
1990,15,167,152,186,205,91
1990,16,156,152,185,205,91
1990,17,144,151,185,205,91
1990,18,139,149,184,205,91
1990,19,139,147,183,205,91
1990,20,128,144,182,204,91
1990,21,128,140,181,204,91
1990,22,122,137,181,204,91
1990,23,122,134,180,204,91
1991,0,228,211,192,214,105
1991,1,194,211,193,214,105
1991,2,183,211,193,214,105
1991,3,172,211,194,214,105
1991,4,172,211,194,214,105
1991,5,167,211,195,214,105
1991,6,161,211,195,214,105
1991,7,156,210,195,214,105
1991,8,144,209,196,214,105
1991,9,139,208,196,214,105
1991,10,133,207,197,214,105
1991,11,128,206,197,214,105
1991,12,139,205,197,214,105
1991,13,167,204,197,213,105
1991,14,206,204,198,213,105
1991,15,239,203,198,214,105
1991,16,267,204,198,214,105
1991,17,278,204,199,214,105
1991,18,294,205,199,214,105
1991,19,278,204,199,214,105
1991,20,272,205,199,214,105
1991,21,272,204,199,214,105
1991,22,261,204,200,214,105
1991,23,256,204,200,214,105
1992,0,228,226,193,193,85
1992,1,211,225,193,193,85
1992,2,194,225,194,193,85
1992,3,183,223,194,193,85
1992,4,178,222,195,193,85
1992,5,167,220,195,193,85
1992,6,167,219,196,193,85
1992,7,150,217,196,193,85
1992,8,139,215,196,193,85
1992,9,139,212,197,193,85
1992,10,128,210,197,192,85
1992,11,128,207,197,192,85
1992,12,133,204,197,192,85
1992,13,167,201,198,192,85
1992,14,178,199,198,192,85
1992,15,189,197,198,192,84
1992,16,211,196,198,192,84
1992,17,222,194,198,192,84
1992,18,233,192,198,192,84
1992,19,244,191,198,192,84
1992,20,250,190,198,192,84
1992,21,256,190,198,192,84
1992,22,233,190,199,192,84
1992,23,222,190,199,192,84
1993,0,172,152,189,213,86
1993,1,161,153,189,213,86
1993,2,161,153,189,213,86
1993,3,156,155,189,213,86
1993,4,139,155,189,213,86
1993,5,144,156,189,213,86
1993,6,133,157,190,213,86
1993,7,128,158,190,213,86
1993,8,122,159,190,212,86
1993,9,111,159,189,212,86
1993,10,111,160,189,212,86
1993,11,117,161,189,212,86
1993,12,133,162,189,212,86
1993,13,150,163,189,212,86
1993,14,167,164,189,212,86
1993,15,194,165,189,212,86
1993,16,228,166,189,212,86
1993,17,228,167,190,212,86
1993,18,228,167,190,212,86
1993,19,228,168,189,212,86
1993,20,233,168,189,212,86
1993,21,233,169,189,212,86
1993,22,233,171,189,212,86
1993,23,233,173,189,211,86
1994,0,178,181,145,182,77
1994,1,167,182,145,182,77
1994,2,156,182,146,182,77
1994,3,156,182,146,182,77
1994,4,161,183,146,182,77
1994,5,172,183,146,182,77
1994,6,172,184,147,182,77
1994,7,156,184,147,182,77
1994,8,156,184,148,182,77
1994,9,156,184,148,182,77
1994,10,156,184,148,182,77
1994,11,156,184,149,182,77
1994,12,161,184,149,182,77
1994,13,167,183,150,182,77
1994,14,189,183,150,182,77
1994,15,206,183,150,182,77
1994,16,217,183,150,182,77
1994,17,206,182,151,182,77
1994,18,217,182,151,182,77
1994,19,211,181,151,182,77
1994,20,211,180,151,182,77
1994,21,206,180,151,182,77
1994,22,194,180,151,182,77
1994,23,178,179,151,182,77
1995,0,156,126,183,210,98
1995,1,156,127,183,210,98
1995,2,150,128,183,210,98
1995,3,139,129,182,210,98
1995,4,133,130,182,210,98
1995,5,128,130,182,210,98
1995,6,128,131,182,210,98
1995,7,128,132,182,210,98
1995,8,122,133,182,210,98
1995,9,122,134,182,210,98
1995,10,122,135,182,210,98
1995,11,122,136,182,210,98
1995,12,122,137,182,210,98
1995,13,133,138,182,209,98
1995,14,133,138,182,209,98
1995,15,139,139,181,209,98
1995,16,139,139,181,209,98
1995,17,144,139,181,209,98
1995,18,150,139,180,209,98
1995,19,150,139,180,208,98
1995,20,150,139,180,208,98
1995,21,161,139,179,208,98
1995,22,172,140,179,208,98
1995,23,156,140,179,208,98
1996,0,200,210,218,210,81
1996,1,200,210,218,210,81
1996,2,192,210,218,210,81
1996,3,192,210,218,210,81
1996,4,194,210,218,210,81
1996,5,194,209,219,211,81
1996,6,194,209,219,211,81
1996,7,194,208,219,211,81
1996,8,192,207,219,211,81
1996,9,192,206,219,211,81
1996,10,189,204,220,211,81
1996,11,192,203,220,211,81
1996,12,194,201,220,211,81
1996,13,197,200,220,211,81
1996,14,200,199,220,211,81
1996,15,212,199,220,211,81
1996,16,217,199,219,211,81
1996,17,218,199,219,211,81
1996,18,228,200,219,211,81
1996,19,244,202,219,211,81
1996,20,244,204,218,211,81
1996,21,236,205,218,211,81
1996,22,222,206,218,211,81
1996,23,212,206,218,211,81
1997,0,167,168,166,190,88
1997,1,150,168,166,190,88
1997,2,144,167,166,190,88
1997,3,130,166,165,190,88
1997,4,125,165,165,189,88
1997,5,122,164,165,189,88
1997,6,117,163,164,189,88
1997,7,120,162,164,189,88
1997,8,122,161,164,189,88
1997,9,114,160,164,189,88
1997,10,111,160,163,189,88
1997,11,122,159,163,189,88
1997,12,133,159,163,189,88
1997,13,170,160,162,189,88
1997,14,186,160,162,189,88
1997,15,205,161,162,188,88
1997,16,222,162,162,188,88
1997,17,225,163,162,188,88
1997,18,222,163,161,188,88
1997,19,228,164,161,188,88
1997,20,225,165,161,188,88
1997,21,220,165,161,188,88
1997,22,212,165,161,188,88
1997,23,198,166,160,187,88
1998,0,133,144,183,205,99
1998,1,117,142,183,205,99
1998,2,114,140,182,204,99
1998,3,111,139,182,204,99
1998,4,111,137,182,204,99
1998,5,111,136,181,204,99
1998,6,111,135,181,204,99
1998,7,114,134,181,203,99
1998,8,117,134,181,203,99
1998,9,118,133,181,203,99
1998,10,117,133,180,203,99
1998,11,118,133,180,203,99
1998,12,122,132,180,202,99
1998,13,136,132,180,202,99
1998,14,140,132,179,202,99
1998,15,153,132,179,202,99
1998,16,164,133,179,202,99
1998,17,142,132,178,202,99
1998,18,178,133,178,201,99
1998,19,178,134,178,201,99
1998,20,175,134,178,201,99
1998,21,170,135,178,201,99
1998,22,164,135,178,201,99
1998,23,146,136,178,201,99
1999,0,222,223,229,210,102
1999,1,203,222,229,210,102
1999,2,197,221,229,210,102
1999,3,194,220,229,210,102
1999,4,186,219,229,210,102
1999,5,186,218,229,210,102
1999,6,189,217,230,210,102
1999,7,178,216,230,210,102
1999,8,175,215,230,210,102
1999,9,172,214,230,210,102
1999,10,171,213,231,210,102
1999,11,168,211,231,210,102
1999,12,183,210,231,210,102
1999,13,222,210,231,210,102
1999,14,248,210,231,210,102
1999,15,256,211,231,210,102
1999,16,270,212,231,211,102
1999,17,272,214,231,211,102
1999,18,272,215,231,211,102
1999,19,270,216,231,211,102
1999,20,258,216,231,211,102
1999,21,244,217,230,211,102
1999,22,239,217,230,211,102
1999,23,233,217,230,211,102
2000,0,211,197,168,188,92
2000,1,197,197,168,188,92
2000,2,205,198,167,188,92
2000,3,200,199,167,188,92
2000,4,200,200,167,188,92
2000,5,200,202,167,188,92
2000,6,200,203,167,188,92
2000,7,197,205,167,188,92
2000,8,195,207,167,188,92
2000,9,192,209,167,188,92
2000,10,192,211,167,188,92
2000,11,190,213,166,188,92
2000,12,189,214,166,188,92
2000,13,179,214,166,188,92
2000,14,186,212,166,188,92
2000,15,189,210,165,188,92
2000,16,192,208,165,188,92
2000,17,200,205,164,188,92
2000,18,211,203,164,188,92
2000,19,234,202,164,188,92
2000,20,242,202,164,188,92
2000,21,242,203,164,188,92
2000,22,234,204,164,188,92
2000,23,209,204,164,188,92
2001,0,283,261,193,211,89
2001,1,266,261,194,211,89
2001,2,256,261,194,211,89
2001,3,247,262,195,211,89
2001,4,244,262,196,211,89
2001,5,242,262,197,211,89
2001,6,239,263,198,211,89
2001,7,225,263,198,211,89
2001,8,216,262,199,211,89
2001,9,200,262,200,210,89
2001,10,192,262,200,210,89
2001,11,202,261,201,210,89
2001,12,206,261,202,210,89
2001,13,245,261,202,210,89
2001,14,264,260,203,210,89
2001,15,280,260,203,210,89
2001,16,298,260,204,210,89
2001,17,303,260,205,210,89
2001,18,300,260,205,210,89
2001,19,311,260,206,210,89
2001,20,308,259,206,210,89
2001,21,303,259,207,210,89
2001,22,292,259,207,210,89
2001,23,272,258,208,210,89
2002,0,239,228,206,220,111
2002,1,216,228,206,220,111
2002,2,208,228,206,220,111
2002,3,203,229,206,220,111
2002,4,194,230,206,220,111
2002,5,184,230,206,220,111
2002,6,183,230,206,220,111
2002,7,166,230,206,220,111
2002,8,158,230,206,220,111
2002,9,153,230,206,220,111
2002,10,156,230,206,221,111
2002,11,170,230,206,221,111
2002,12,183,231,206,221,111
2002,13,222,231,206,221,111
2002,14,255,231,207,221,111
2002,15,278,231,207,221,111
2002,16,294,232,207,221,111
2002,17,313,232,207,221,111
2002,18,322,233,208,221,111
2002,19,328,233,208,221,111
2002,20,325,234,209,221,111
2002,21,314,234,209,221,111
2002,22,294,234,209,221,111
2002,23,266,235,209,221,111
2003,0,183,184,175,204,87
2003,1,158,183,175,204,87
2003,2,148,181,175,204,87
2003,3,134,180,174,204,87
2003,4,130,178,174,204,87
2003,5,126,176,174,204,87
2003,6,122,175,174,204,87
2003,7,111,173,174,204,87
2003,8,106,171,174,204,87
2003,9,103,169,174,203,87
2003,10,100,168,173,203,87
2003,11,110,167,173,203,87
2003,12,117,165,173,203,87
2003,13,139,164,173,203,87
2003,14,172,163,173,203,87
2003,15,194,163,174,203,87
2003,16,214,163,174,203,87
2003,17,222,163,174,203,87
2003,18,228,163,174,202,87
2003,19,230,163,175,202,87
2003,20,228,163,175,202,87
2003,21,222,163,175,202,87
2003,22,208,163,175,202,87
2003,23,190,162,175,202,87
2004,0,189,199,205,204,87
2004,1,182,198,205,204,87
2004,2,179,197,205,204,87
2004,3,178,195,205,204,87
2004,4,178,194,205,204,87
2004,5,179,194,205,204,87
2004,6,178,193,205,204,87
2004,7,179,193,205,204,87
2004,8,179,192,206,204,87
2004,9,178,192,206,204,87
2004,10,183,192,206,204,87
2004,11,186,192,207,204,87
2004,12,189,192,207,204,87
2004,13,202,192,207,204,87
2004,14,230,193,207,204,87
2004,15,250,195,208,204,87
2004,16,280,198,208,204,87
2004,17,276,201,208,204,87
2004,18,272,203,209,204,87
2004,19,200,202,209,204,87
2004,20,184,202,208,204,87
2004,21,183,201,208,204,87
2004,22,171,200,208,204,87
2004,23,160,199,207,204,87
2005,0,194,186,190,214,95
2005,1,180,186,190,214,95
2005,2,179,186,190,214,95
2005,3,172,186,190,214,95
2005,4,161,185,190,214,95
2005,5,161,185,190,214,95
2005,6,156,185,190,213,95
2005,7,153,186,189,213,95
2005,8,150,187,189,213,95
2005,9,150,187,189,213,95
2005,10,158,188,189,213,95
2005,11,158,189,189,213,95
2005,12,167,189,189,213,95
2005,13,186,189,188,213,95
2005,14,197,189,188,213,95
2005,15,200,188,188,213,95
2005,16,225,187,187,212,95
2005,17,225,187,187,212,95
2005,18,222,186,187,212,95
2005,19,234,186,187,212,95
2005,20,236,187,186,212,95
2005,21,233,188,186,212,95
2005,22,220,188,186,212,95
2005,23,197,188,186,211,95
2006,0,200,193,172,188,101
2006,1,188,193,172,188,101
2006,2,186,194,172,188,101
2006,3,189,195,172,188,101
2006,4,172,196,172,188,101
2006,5,164,196,172,188,101
2006,6,161,197,172,188,101
2006,7,164,198,172,188,101
2006,8,170,199,172,188,101
2006,9,167,200,172,188,101
2006,10,164,201,172,188,101
2006,11,170,203,173,188,101
2006,12,172,204,173,188,101
2006,13,202,204,173,188,101
2006,14,216,204,173,188,101
2006,15,211,203,174,188,101
2006,16,211,202,174,188,101
2006,17,220,200,175,188,101
2006,18,217,198,175,188,101
2006,19,212,197,175,188,101
2006,20,192,194,175,188,101
2006,21,178,191,175,188,101
2006,22,160,188,175,188,101
2006,23,150,185,175,188,101
2007,0,217,264,218,207,94
2007,1,208,260,218,207,94
2007,2,203,257,218,207,94
2007,3,200,253,219,207,94
2007,4,197,250,219,207,94
2007,5,192,246,220,207,94
2007,6,189,242,220,207,95
2007,7,182,238,221,207,95
2007,8,183,235,221,207,95
2007,9,183,232,222,207,95
2007,10,189,229,222,207,95
2007,11,184,226,223,207,95
2007,12,189,223,223,207,95
2007,13,186,221,223,207,95
2007,14,189,218,224,207,95
2007,15,189,216,224,207,95
2007,16,192,212,223,207,95
2007,17,192,208,223,207,95
2007,18,194,204,223,207,94
2007,19,192,200,222,207,94
2007,20,200,198,222,207,94
2007,21,200,196,222,207,94
2007,22,200,195,221,207,95
2007,23,200,194,221,207,95
2008,0,200,186,207,193,96
2008,1,180,187,207,193,96
2008,2,178,187,207,193,96
2008,3,172,188,207,193,96
2008,4,166,188,207,193,96
2008,5,161,189,207,193,96
2008,6,161,190,207,193,96
2008,7,158,190,208,193,96
2008,8,184,192,208,193,96
2008,9,206,195,208,193,96
2008,10,190,197,209,193,96
2008,11,190,199,209,193,96
2008,12,189,200,209,193,96
2008,13,166,199,209,193,96
2008,14,160,197,209,193,96
2008,15,172,195,208,193,96
2008,16,176,192,208,193,96
2008,17,178,190,207,193,96
2008,18,172,187,207,193,96
2008,19,186,185,206,193,96
2008,20,186,183,206,193,96
2008,21,183,181,205,193,96
2008,22,175,179,205,193,96
2008,23,162,177,204,193,96
2009,0,217,196,180,207,85
2009,1,206,197,180,207,85
2009,2,189,197,180,207,85
2009,3,178,198,181,207,85
2009,4,170,198,181,207,85
2009,5,170,198,181,207,85
2009,6,172,199,182,207,85
2009,7,158,199,182,207,85
2009,8,153,200,182,207,85
2009,9,150,200,183,206,85
2009,10,147,200,183,206,85
2009,11,150,200,183,206,85
2009,12,156,200,184,206,85
2009,13,184,200,184,206,85
2009,14,208,200,184,206,85
2009,15,217,200,184,206,85
2009,16,222,200,184,206,85
2009,17,236,199,184,206,85
2009,18,244,199,184,206,85
2009,19,244,198,184,206,85
2009,20,244,198,184,206,85
2009,21,250,197,185,206,85
2009,22,225,196,184,206,85
2009,23,197,195,184,206,85
2010,0,144,196,207,213,101
2010,1,144,191,206,213,101
2010,2,142,185,206,213,101
2010,3,144,182,205,212,101
2010,4,140,179,205,212,101
2010,5,140,176,204,212,101
2010,6,139,173,204,212,101
2010,7,139,171,203,212,101
2010,8,136,168,203,212,101
2010,9,133,166,203,212,101
2010,10,139,164,202,212,101
2010,11,139,162,202,212,101
2010,12,139,160,201,211,101
2010,13,134,157,201,211,101
2010,14,134,155,200,211,101
2010,15,144,153,199,211,101
2010,16,144,150,198,211,101
2010,17,147,149,197,211,101
2010,18,150,148,196,210,101
2010,19,156,147,195,210,101
2010,20,158,146,194,210,101
2010,21,156,145,193,210,101
2010,22,156,144,192,210,101
2010,23,148,144,191,210,101
2011,0,211,197,210,211,95
2011,1,203,198,210,211,95
2011,2,194,200,210,211,95
2011,3,189,200,210,211,95
2011,4,178,200,209,211,95
2011,5,172,201,209,211,95
2011,6,172,201,209,211,95
2011,7,166,200,209,211,95
2011,8,166,200,209,211,95
2011,9,172,200,209,211,95
2011,10,170,199,209,211,95
2011,11,170,199,209,211,95
2011,12,178,199,208,211,95
2011,13,182,199,208,211,95
2011,14,186,198,208,211,95
2011,15,189,197,208,211,95
2011,16,203,196,207,211,95
2011,17,213,196,207,211,95
2011,18,233,196,207,211,95
2011,19,258,197,206,211,95
2011,20,256,198,206,211,95
2011,21,250,198,206,211,95
2011,22,220,198,206,211,95
2011,23,197,197,206,211,95
2012,0,167,227,224,219,119
2012,1,158,223,223,219,119
2012,2,150,220,223,219,119
2012,3,144,216,223,219,119
2012,4,134,211,223,219,119
2012,5,134,207,222,218,119
2012,6,139,202,222,218,119
2012,7,142,198,222,218,119
2012,8,142,193,222,218,119
2012,9,144,189,222,218,119
2012,10,133,184,222,218,119
2012,11,138,180,222,218,119
2012,12,144,176,222,218,119
2012,13,186,173,222,218,119
2012,14,200,171,222,218,119
2012,15,206,169,222,218,119
2012,16,194,167,221,218,119
2012,17,194,166,221,218,119
2012,18,200,166,220,218,119
2012,19,188,166,220,218,119
2012,20,200,167,219,218,119
2012,21,206,167,219,217,119
2012,22,186,167,218,217,119
2012,23,167,167,218,217,119
2013,0,133,169,181,204,99
2013,1,114,167,180,203,99
2013,2,103,164,180,203,99
2013,3,100,162,179,203,99
2013,4,97,159,178,203,99
2013,5,92,155,178,203,99
2013,6,89,152,177,203,99
2013,7,86,149,176,203,99
2013,8,78,145,175,202,99
2013,9,72,140,175,202,99
2013,10,70,136,174,202,99
2013,11,83,133,173,202,99
2013,12,94,130,172,202,99
2013,13,136,129,172,202,99
2013,14,158,129,172,202,99
2013,15,167,129,171,202,99
2013,16,200,130,171,202,99
2013,17,214,131,170,202,99
2013,18,222,133,170,202,99
2013,19,230,134,170,202,99
2013,20,236,137,170,202,99
2013,21,239,139,170,202,99
2013,22,225,141,170,202,99
2013,23,216,144,170,202,99
2014,0,206,172,219,207,86
2014,1,186,174,218,207,86
2014,2,178,176,218,207,86
2014,3,172,177,217,207,86
2014,4,164,179,217,207,86
2014,5,166,181,216,207,86
2014,6,172,183,216,207,86
2014,7,161,186,215,207,86
2014,8,144,187,215,207,86
2014,9,139,189,214,207,86
2014,10,136,190,213,207,86
2014,11,136,191,213,207,86
2014,12,144,192,212,207,86
2014,13,180,193,212,207,86
2014,14,202,194,211,207,86
2014,15,211,194,211,207,86
2014,16,222,193,211,207,86
2014,17,230,192,210,207,86
2014,18,239,192,210,207,86
2014,19,239,191,210,207,86
2014,20,239,191,209,206,86
2014,21,239,190,209,206,86
2014,22,230,190,209,206,86
2014,23,225,190,209,206,86
2015,0,278,279,246,221,86
2015,1,266,279,246,221,86
2015,2,264,279,247,221,86
2015,3,267,279,247,221,86
2015,4,272,280,247,221,86
2015,5,272,281,248,221,86
2015,6,272,281,248,222,86
2015,7,258,282,249,222,86
2015,8,253,282,250,222,86
2015,9,250,282,250,222,86
2015,10,253,283,251,222,86
2015,11,256,283,251,222,86
2015,12,256,284,252,222,86
2015,13,289,285,252,222,86
2015,14,303,285,252,222,86
2015,15,306,286,253,222,86
2015,16,314,286,253,222,86
2015,17,275,284,253,222,86
2015,18,233,280,253,222,86
2015,19,220,275,252,222,86
2015,20,233,271,252,222,86
2015,21,233,267,252,222,86
2015,22,222,264,251,222,86
2015,23,217,261,251,222,86
2016,0,261,250,201,225,106
2016,1,247,250,201,225,106
2016,2,244,250,202,225,106
2016,3,244,250,202,224,106
2016,4,242,250,203,224,106
2016,5,239,250,203,224,106
2016,6,239,251,204,224,106
2016,7,239,252,204,224,106
2016,8,233,253,205,224,106
2016,9,233,254,205,224,106
2016,10,225,255,206,224,106
2016,11,228,256,206,224,106
2016,12,233,257,207,224,106
2016,13,238,256,207,224,106
2016,14,250,255,207,225,106
2016,15,256,254,208,225,106
2016,16,270,253,208,225,106
2016,17,270,251,208,225,106
2016,18,267,249,209,224,106
2016,19,275,250,209,224,106
2016,20,278,251,209,224,106
2016,21,278,251,209,224,106
2016,22,264,251,210,224,106
2016,23,242,250,210,224,106
2017,0,133,140,156,184,96
2017,1,122,139,156,184,96
2017,2,122,139,156,183,96
2017,3,122,138,157,183,96
2017,4,120,138,157,183,96
2017,5,108,138,157,183,96
2017,6,100,137,157,183,96
2017,7,97,135,157,183,96
2017,8,94,134,158,183,96
2017,9,94,133,158,183,96
2017,10,80,131,158,183,96
2017,11,84,129,158,183,96
2017,12,100,127,158,182,96
2017,13,130,127,158,182,96
2017,14,139,126,158,182,96
2017,15,150,126,158,182,96
2017,16,153,127,158,182,96
2017,17,153,126,158,182,96
2017,18,156,126,157,182,96
2017,19,161,126,157,181,96
2017,20,156,126,157,181,96
2017,21,156,126,156,181,96
2017,22,150,126,156,181,96
2017,23,136,126,156,181,96
2018,0,128,153,229,222,95
2018,1,120,151,228,222,95
2018,2,108,149,228,221,95
2018,3,100,146,227,221,95
2018,4,103,144,226,221,95
2018,5,100,142,226,221,95
2018,6,94,140,225,221,95
2018,7,92,137,224,221,95
2018,8,86,135,223,221,95
2018,9,83,132,223,220,95
2018,10,83,130,222,220,95
2018,11,86,128,221,220,95
2018,12,89,126,220,220,95
2018,13,100,124,219,220,95
2018,14,108,122,218,220,95
2018,15,111,120,217,219,95
2018,16,128,118,216,219,95
2018,17,138,117,216,219,95
2018,18,144,115,215,219,95
2018,19,144,115,214,219,95
2018,20,144,114,213,219,95
2018,21,144,113,212,218,95
2018,22,134,113,211,218,95
2018,23,125,112,211,218,95
2019,0,156,164,183,198,89
2019,1,139,164,183,198,89
2019,2,136,162,183,198,89
2019,3,133,161,183,198,89
2019,4,134,160,182,198,89
2019,5,125,158,182,198,89
2019,6,122,157,182,198,89
2019,7,125,157,182,198,89
2019,8,128,157,181,198,89
2019,9,122,156,181,198,89
2019,10,114,156,180,198,89
2019,11,114,155,180,198,89
2019,12,117,153,180,198,89
2019,13,144,152,179,198,89
2019,14,170,153,179,198,89
2019,15,178,152,179,197,89
2019,16,192,152,179,197,89
2019,17,194,152,179,197,89
2019,18,194,151,179,197,89
2019,19,203,152,179,197,89
2019,20,200,152,179,197,89
2019,21,194,153,178,197,89
2019,22,183,153,178,197,89
2019,23,161,153,178,197,89
2020,0,228,237,214,222,104
2020,1,206,235,214,222,104
2020,2,197,234,214,222,104
2020,3,194,232,213,222,104
2020,4,186,231,213,222,104
2020,5,180,229,213,222,104
2020,6,178,227,213,222,104
2020,7,170,225,212,222,104
2020,8,166,224,212,222,104
2020,9,161,222,212,221,104
2020,10,161,221,211,221,104
2020,11,170,220,211,221,104
2020,12,178,220,211,221,104
2020,13,220,220,211,221,104
2020,14,247,220,211,221,104
2020,15,261,221,211,221,104
2020,16,294,222,211,221,104
2020,17,297,223,211,221,104
2020,18,294,223,211,221,104
2020,19,306,224,211,221,104
2020,20,306,225,212,221,104
2020,21,306,225,212,221,104
2020,22,280,226,212,221,104
2020,23,247,226,212,221,104
2021,0,194,216,192,232,108
2021,1,188,215,192,232,108
2021,2,192,215,192,232,108
2021,3,200,214,192,232,108
2021,4,167,211,193,232,108
2021,5,167,208,193,232,108
2021,6,167,206,193,232,108
2021,7,156,204,193,232,108
2021,8,156,202,194,232,108
2021,9,156,201,194,232,108
2021,10,156,199,194,231,108
2021,11,156,196,194,231,108
2021,12,161,193,194,231,108
2021,13,214,193,195,231,108
2021,14,222,192,195,231,108
2021,15,222,190,195,231,108
2021,16,234,191,195,231,108
2021,17,239,192,196,231,108
2021,18,239,193,196,231,108
2021,19,200,193,196,231,108
2021,20,212,193,196,230,108
2021,21,217,193,196,230,108
2021,22,208,193,197,230,108
2021,23,198,192,197,230,108
2022,0,217,219,203,215,106
2022,1,200,219,203,215,106
2022,2,188,219,203,215,106
2022,3,183,218,204,214,106
2022,4,178,217,204,214,106
2022,5,172,215,204,214,106
2022,6,167,214,205,214,106
2022,7,164,213,205,214,106
2022,8,158,211,205,214,106
2022,9,156,210,205,214,106
2022,10,153,208,206,214,106
2022,11,167,207,206,214,106
2022,12,172,206,206,214,106
2022,13,188,205,206,214,106
2022,14,200,205,206,214,106
2022,15,211,204,206,214,106
2022,16,253,204,206,214,106
2022,17,270,205,206,214,106
2022,18,272,205,207,214,106
2022,19,275,206,207,214,106
2022,20,270,206,207,214,106
2022,21,267,206,207,214,106
2022,22,252,207,207,214,106
2022,23,230,207,207,214,106
2023,0,211,222,242,214,108
2023,1,206,222,242,214,108
2023,2,203,222,242,214,108
2023,3,200,222,243,214,108
2023,4,194,221,243,214,108
2023,5,194,221,243,214,108
2023,6,194,220,243,214,108
2023,7,189,220,244,214,108
2023,8,180,219,244,214,108
2023,9,178,218,244,214,108
2023,10,175,217,244,214,108
2023,11,178,215,245,214,108
2023,12,183,214,245,214,108
2023,13,202,213,245,214,108
2023,14,211,211,245,214,108
2023,15,211,210,244,214,108
2023,16,214,208,244,214,108
2023,17,214,207,244,214,108
2023,18,217,206,243,214,108
2023,19,220,204,243,214,108
2023,20,220,203,243,214,108
2023,21,222,202,242,214,108
2023,22,218,202,242,214,108
2023,23,214,202,242,214,108
2024,0,172,144,177,204,118
2024,1,167,145,177,204,118
2024,2,158,146,177,204,117
2024,3,150,146,177,204,117
2024,4,142,147,176,204,117
2024,5,136,148,176,204,117
2024,6,133,148,176,204,117
2024,7,138,149,176,204,117
2024,8,147,151,176,204,117
2024,9,150,153,176,204,117
2024,10,156,155,176,203,117
2024,11,164,157,176,203,117
2024,12,167,159,176,203,117
2024,13,189,161,176,203,117
2024,14,192,163,176,203,117
2024,15,194,164,176,203,117
2024,16,212,167,176,203,117
2024,17,206,168,176,203,117
2024,18,206,170,176,203,117
2024,19,214,171,176,203,117
2024,20,216,172,177,203,117
2024,21,211,174,177,203,117
2024,22,170,174,177,203,117
2024,23,167,173,177,203,117
2025,0,137,141,,,106
2025,1,,,,,106
2025,2,114,,,,106
2025,3,106,,,,106
2025,4,100,,,,106
2025,5,94,,,,106
2025,6,94,,,,106
2025,7,84,,,,106
2025,8,75,,,,106
2025,9,72,,,,106
2025,10,66,,,,106
2025,11,72,,,,106
2025,12,83,,,,106
2025,13,125,,,,106
2025,14,158,,170,,106
2025,15,172,,170,,106
2025,16,206,,170,,106
2025,17,216,,171,,106
2025,18,222,,171,,106
2025,19,222,,170,,106
2025,20,222,,170,,106
2025,21,222,,170,,106
2025,22,205,,170,,106
2025,23,180,141,170,,106
2026,0,206,192,206,207,95
2026,1,194,193,206,207,95
2026,2,186,194,206,207,95
2026,3,183,195,206,207,95
2026,4,178,196,206,207,95
2026,5,178,197,206,207,95
2026,6,178,199,206,207,96
2026,7,175,201,206,207,96
2026,8,172,202,206,207,96
2026,9,172,205,206,207,96
2026,10,178,207,206,207,96
2026,11,186,209,206,207,96
2026,12,208,211,206,207,96
2026,13,230,213,206,207,96
2026,14,239,213,206,207,96
2026,15,239,214,206,207,96
2026,16,233,213,207,207,96
2026,17,230,212,206,207,96
2026,18,220,210,206,207,96
2026,19,217,208,206,207,96
2026,20,220,206,205,207,96
2026,21,222,204,205,207,96
2026,22,228,204,205,207,96
2026,23,225,204,205,207,96
