year,hour,obs,D1,D7,D30,D365
1930,0,,,100,120,
1930,1,,,100,120,
1930,2,106,,100,120,
1930,3,106,,100,119,
1930,4,106,,100,119,
1930,5,106,,100,119,
1930,6,106,,100,119,
1930,7,94,,100,119,
1930,8,89,,100,119,
1930,9,89,,100,119,
1930,10,89,,101,118,
1930,11,89,,101,118,
1930,12,89,,101,118,
1930,13,100,,101,118,
1930,14,89,,101,118,
1930,15,122,,101,118,
1930,16,144,,101,118,
1930,17,172,,101,117,
1930,18,167,,101,117,
1930,19,200,,101,117,
1930,20,200,,101,117,
1930,21,200,,101,117,
1930,22,200,,100,117,
1930,23,200,,100,117,
1931,0,,,,,
1931,1,,,,,
1931,2,200,,,,
1931,3,183,,,,
1931,4,183,,,,
1931,5,172,,,,
1931,6,172,,,,
1931,7,172,,,,
1931,8,183,,,,
1931,9,144,,,,
1931,10,128,,,,
1931,11,111,,,,
1931,12,100,,,,
1931,13,100,,,,
1931,14,108,,,,
1931,15,,,,,
1931,16,,,,,
1931,17,,,,,
1931,18,,,,,
1931,19,,,,,
1931,20,,,,,
1931,21,,,,,
1931,22,,,,,
1931,23,,,,,
1932,0,117,66,104,132,
1932,1,94,67,103,132,
1932,2,72,68,103,132,
1932,3,67,69,103,132,
1932,4,61,70,103,132,
1932,5,56,70,102,132,
1932,6,61,71,102,132,
1932,7,67,72,102,132,
1932,8,72,74,102,132,
1932,9,72,76,102,132,
1932,10,67,78,102,132,
1932,11,67,80,102,132,
1932,12,61,83,102,132,
1932,13,56,84,102,132,
1932,14,33,85,101,132,
1932,15,22,84,101,132,
1932,16,11,81,100,132,
1932,17,22,78,100,132,
1932,18,44,76,99,132,
1932,19,61,73,99,131,
1932,20,72,71,98,131,
1932,21,72,68,98,131,
1932,22,78,66,98,131,
1932,23,67,61,97,131,
1933,0,106,92,57,140,157
1933,1,89,92,57,140,157
1933,2,72,90,57,139,157
1933,3,61,89,57,139,157
1933,4,56,88,57,139,157
1933,5,56,87,57,139,157
1933,6,50,86,57,138,157
1933,7,44,84,57,138,157
1933,8,33,84,57,138,157
1933,9,28,82,57,138,157
1933,10,11,80,56,138,157
1933,11,11,78,56,137,157
1933,12,22,77,56,137,157
1933,13,17,76,56,137,157
1933,14,22,75,56,137,157
1933,15,56,74,56,137,157
1933,16,83,73,56,137,157
1933,17,106,73,56,136,157
1933,18,128,73,57,136,157
1933,19,144,73,57,136,157
1933,20,156,74,58,136,157
1933,21,167,75,58,136,157
1933,22,161,76,59,136,157
1933,23,161,77,59,136,157
1934,0,239,171,152,172,167
1934,1,217,172,152,172,167
1934,2,200,173,152,172,167
1934,3,183,174,152,172,167
1934,4,183,175,152,172,167
1934,5,161,175,152,172,167
1934,6,167,176,153,172,167
1934,7,172,178,153,172,167
1934,8,167,180,153,172,167
1934,9,133,180,153,172,167
1934,10,139,181,153,172,167
1934,11,111,181,153,172,167
1934,12,100,180,153,172,167
1934,13,106,180,153,172,167
1934,14,100,181,153,172,167
1934,15,117,180,153,172,167
1934,16,133,179,153,172,167
1934,17,156,179,153,172,167
1934,18,178,178,153,172,167
1934,19,189,176,154,172,167
1934,20,194,173,154,172,167
1934,21,206,170,154,172,167
1934,22,200,167,154,171,167
1934,23,194,164,155,171,167
1935,0,200,152,99,139,154
1935,1,189,155,99,139,154
1935,2,172,157,99,139,154
1935,3,167,159,99,139,154
1935,4,156,160,99,139,154
1935,5,156,162,99,139,154
1935,6,150,163,99,139,154
1935,7,144,165,99,139,154
1935,8,139,165,99,139,154
1935,9,139,166,98,139,154
1935,10,122,166,98,139,154
1935,11,117,165,98,139,154
1935,12,111,164,97,139,154
1935,13,111,163,97,139,154
1935,14,111,161,96,139,154
1935,15,133,161,96,139,154
1935,16,128,160,96,139,154
1935,17,78,157,95,139,154
1935,18,61,153,94,139,154
1935,19,39,146,93,138,154
1935,20,28,138,91,138,154
1935,21,22,130,90,138,154
1935,22,17,121,89,137,154
1935,23,0,112,88,137,154
1936,0,12,53,33,108,
1936,1,10,53,33,108,
1936,2,83,56,33,108,
1936,3,78,58,33,108,
1936,4,72,61,33,108,
1936,5,5,60,33,108,
1936,6,50,62,34,108,
1936,7,4,61,34,108,
1936,8,33,61,34,108,
1936,9,39,62,35,108,
1936,10,33,62,35,108,
1936,11,28,62,35,108,
1936,12,22,61,36,108,
1936,13,17,60,36,107,
1936,14,6,60,36,107,
1936,15,50,60,37,107,
1936,16,89,61,37,107,
1936,17,100,62,38,107,
1936,18,128,64,39,107,
1936,19,12,61,39,107,
1936,20,144,61,40,107,
1936,21,139,61,40,107,
1936,22,144,61,41,107,
1936,23,139,60,42,107,
1937,0,106,119,140,141,151
1937,1,106,116,140,141,151
1937,2,106,114,140,141,151
1937,3,100,113,140,141,151
1937,4,94,111,139,141,151
1937,5,94,110,139,141,151
1937,6,94,109,139,141,151
1937,7,83,107,139,141,151
1937,8,78,105,139,141,151
1937,9,78,104,138,141,151
1937,10,72,102,138,141,151
1937,11,83,100,138,140,151
1937,12,78,99,138,140,151
1937,13,72,97,138,140,151
1937,14,67,96,138,140,151
1937,15,67,94,137,140,151
1937,16,83,93,137,140,151
1937,17,83,92,138,140,151
1937,18,117,92,137,140,151
1937,19,122,93,137,140,151
1937,20,133,94,137,140,151
1937,21,161,96,137,139,151
1937,22,167,98,137,139,151
1937,23,167,100,137,139,151
1938,0,106,68,74,153,157
1938,1,100,68,74,154,157
1938,2,83,69,73,153,157
1938,3,78,69,72,154,157
1938,4,72,70,71,153,157
1938,5,67,70,70,153,157
1938,6,67,71,69,153,157
1938,7,61,72,68,153,157
1938,8,61,72,67,153,157
1938,9,56,73,67,153,157
1938,10,56,74,67,153,157
1938,11,50,76,67,152,157
1938,12,50,77,67,152,157
1938,13,50,78,66,152,157
1938,14,67,80,66,152,157
1938,15,67,81,66,152,157
1938,16,83,83,66,152,157
1938,17,122,83,66,152,157
1938,18,144,89,66,152,157
1938,19,156,90,66,151,157
1938,20,178,92,66,151,157
1938,21,183,93,67,151,157
1938,22,183,95,67,151,157
1938,23,178,97,67,151,157
1939,0,183,179,110,154,163
1939,1,183,179,111,154,163
1939,2,183,179,112,154,163
1939,3,183,179,114,154,163
1939,4,189,180,115,154,163
1939,5,183,180,116,154,163
1939,6,183,181,117,154,163
1939,7,178,181,118,155,163
1939,8,183,181,119,155,163
1939,9,89,178,119,155,163
1939,10,78,174,120,155,163
1939,11,72,170,121,155,163
1939,12,72,167,122,155,163
1939,13,67,163,122,155,163
1939,14,72,159,123,154,163
1939,15,78,154,124,154,163
1939,16,89,150,124,154,163
1939,17,111,147,124,154,163
1939,18,111,143,125,154,163
1939,19,117,140,125,154,163
1939,20,122,137,126,154,163
1939,21,128,134,126,154,163
1939,22,122,132,126,153,163
1939,23,117,129,127,153,163
1940,0,89,85,114,168,149
1940,1,89,83,113,168,149
1940,2,94,82,113,168,149
1940,3,94,81,113,168,149
1940,4,94,81,113,167,149
1940,5,94,81,112,167,149
1940,6,100,82,112,167,149
1940,7,106,83,112,167,149
1940,8,100,84,112,167,149
1940,9,100,85,112,167,149
1940,10,100,86,112,167,149
1940,11,100,87,112,167,149
1940,12,100,88,112,167,149
1940,13,106,90,112,167,149
1940,14,100,91,112,167,149
1940,15,111,93,112,166,149
1940,16,106,94,112,166,149
1940,17,106,96,112,166,149
1940,18,128,98,111,166,149
1940,19,139,100,111,166,149
1940,20,139,103,110,166,149
1940,21,150,105,110,166,149
1940,22,156,108,110,166,149
1940,23,150,110,109,165,149
1941,0,67,53,81,137,153
1941,1,44,52,80,137,153
1941,2,33,51,80,137,153
1941,3,28,50,79,137,153
1941,4,22,49,78,137,153
1941,5,11,47,77,137,153
1941,6,11,46,77,136,153
1941,7,6,44,76,136,153
1941,8,6,43,75,136,153
1941,9,6,41,74,136,153
1941,10,6,40,74,136,153
1941,11,17,40,73,136,153
1941,12,17,39,73,136,153
1941,13,17,39,72,135,153
1941,14,22,39,71,135,153
1941,15,44,39,71,135,153
1941,16,61,39,71,135,153
1941,17,83,40,70,135,153
1941,18,94,41,70,135,153
1941,19,117,43,70,135,153
1941,20,128,45,70,134,153
1941,21,128,47,70,134,153
1941,22,128,49,70,134,153
1941,23,111,50,70,134,153
1942,0,128,183,124,142,154
1942,1,106,180,124,142,154
1942,2,83,176,124,142,154
1942,3,72,171,124,142,154
1942,4,67,166,124,141,154
1942,5,61,161,124,141,154
1942,6,61,157,124,141,154
1942,7,50,151,124,141,154
1942,8,44,146,124,141,154
1942,9,39,141,124,140,154
1942,10,28,135,124,140,154
1942,11,22,129,123,140,154
1942,12,39,124,123,140,154
1942,13,6,117,123,140,154
1942,14,17,111,123,140,154
1942,15,28,105,122,139,154
1942,16,39,98,122,139,154
1942,17,50,92,121,139,154
1942,18,61,85,121,138,154
1942,19,78,78,120,138,154
1942,20,94,71,120,138,154
1942,21,83,65,119,138,154
1942,22,89,62,119,137,154
1942,23,78,59,118,137,154
1943,0,61,40,93,163,162
1943,1,56,40,93,163,162
1943,2,50,41,93,162,162
1943,3,56,41,92,162,162
1943,4,33,41,92,162,162
1943,5,17,41,92,162,162
1943,6,22,41,91,161,162
1943,7,17,40,91,161,162
1943,8,17,40,91,161,162
1943,9,11,40,90,161,162
1943,10,11,39,90,161,162
1943,11,17,40,90,161,162
1943,12,17,40,89,160,162
1943,13,22,41,89,160,162
1943,14,63,43,89,160,162
1943,15,72,45,89,160,162
1943,16,100,48,89,160,162
1943,17,122,51,88,160,162
1943,18,144,54,88,160,162
1943,19,161,58,88,159,162
1943,20,172,62,88,159,162
1943,21,183,66,88,159,162
1943,22,183,70,88,159,162
1943,23,167,74,88,159,162
1944,0,161,118,156,170,158
1944,1,150,120,156,170,158
1944,2,133,121,156,170,158
1944,3,128,122,155,170,158
1944,4,117,122,155,170,158
1944,5,106,123,154,170,158
1944,6,94,122,154,170,158
1944,7,89,122,153,170,158
1944,8,89,123,152,170,158
1944,9,94,123,152,170,158
1944,10,94,125,152,170,158
1944,11,83,125,151,170,158
1944,12,94,126,151,170,158
1944,13,89,128,150,170,158
1944,14,100,128,149,170,158
1944,15,122,129,149,170,158
1944,16,144,130,149,170,158
1944,17,178,131,149,170,158
1944,18,189,133,148,170,158
1944,19,222,134,149,171,158
1944,20,233,136,149,171,158
1944,21,239,139,149,171,158
1944,22,222,140,149,171,158
1944,23,200,140,149,171,158
1945,0,61,54,147,157,150
1945,1,61,53,146,157,150
1945,2,67,53,146,157,150
1945,3,61,52,146,157,150
1945,4,61,53,146,157,150
1945,5,56,53,146,157,150
1945,6,61,54,146,157,150
1945,7,56,54,146,156,150
1945,8,61,56,146,156,150
1945,9,56,57,146,156,150
1945,10,56,59,146,156,150
1945,11,56,60,147,156,150
1945,12,56,61,147,156,150
1945,13,61,63,147,156,150
1945,14,67,65,147,156,150
1945,15,67,66,147,156,150
1945,16,83,67,147,156,150
1945,17,100,69,147,156,150
1945,18,111,70,147,155,150
1945,19,139,72,148,155,150
1945,20,144,74,148,155,150
1945,21,122,76,148,155,150
1945,22,111,76,148,155,150
1945,23,100,78,148,155,150
1946,0,139,136,106,155,160
1946,1,133,137,106,155,160
1946,2,111,137,106,155,160
1946,3,94,137,105,155,160
1946,4,78,136,105,155,160
1946,5,61,134,104,155,160
1946,6,44,131,104,155,160
1946,7,33,128,103,155,160
1946,8,28,124,103,155,160
1946,9,22,120,102,155,160
1946,10,17,116,101,155,160
1946,11,17,111,101,155,160
1946,12,17,105,100,155,160
1946,13,22,101,100,155,160
1946,14,22,96,99,155,160
1946,15,28,92,99,154,160
1946,16,33,88,99,154,160
1946,17,44,84,98,154,160
1946,18,50,79,98,154,160
1946,19,61,74,98,154,160
1946,20,67,69,98,154,160
1946,21,78,64,97,154,160
1946,22,72,59,97,154,160
1946,23,67,56,97,154,160
1947,0,139,93,112,169,156
1947,1,133,95,112,169,156
1947,2,133,96,112,169,156
1947,3,139,98,112,169,156
1947,4,139,101,112,169,156
1947,5,133,104,112,169,156
1947,6,133,107,112,169,156
1947,7,139,111,112,169,156
1947,8,139,115,113,169,156
1947,9,133,119,113,169,156
1947,10,133,123,113,168,156
1947,11,139,127,113,168,156
1947,12,139,131,113,168,156
1947,13,139,135,113,168,156
1947,14,61,135,113,168,156
1947,15,44,133,112,168,156
1947,16,39,130,112,168,156
1947,17,39,125,111,167,156
1947,18,44,121,110,167,156
1947,19,44,117,109,167,156
1947,20,44,112,109,166,156
1947,21,44,107,108,166,156
1947,22,72,104,107,166,156
1947,23,67,100,106,165,156
1948,0,72,47,107,144,150
1948,1,67,48,106,144,150
1948,2,44,48,106,144,150
1948,3,39,48,105,143,150
1948,4,44,48,105,143,150
1948,5,33,47,104,143,150
1948,6,33,46,103,143,150
1948,7,33,46,103,143,150
1948,8,28,45,102,143,150
1948,9,17,46,102,143,150
1948,10,17,46,101,142,150
1948,11,0,46,101,142,150
1948,12,-6,45,100,142,150
1948,13,-11,45,100,142,150
1948,14,17,45,99,142,150
1948,15,67,47,99,142,150
1948,16,106,49,98,142,150
1948,17,122,52,98,142,150
1948,18,133,54,97,142,150
1948,19,156,57,97,142,150
1948,20,156,60,97,142,150
1948,21,156,63,96,142,150
1948,22,161,66,96,142,150
1948,23,139,68,95,142,150
1949,0,206,172,126,136,149
1949,1,178,173,127,136,149
1949,2,167,173,127,136,149
1949,3,156,173,128,136,149
1949,4,156,173,128,136,149
1949,5,150,173,129,136,149
1949,6,144,173,129,136,149
1949,7,150,174,130,136,149
1949,8,172,175,131,136,149
1949,9,167,177,131,136,149
1949,10,156,178,132,136,149
1949,11,144,179,133,136,149
1949,12,139,179,134,136,149
1949,13,144,180,134,136,149
1949,14,150,181,135,136,149
1949,15,167,181,136,136,149
1949,16,200,182,136,136,149
1949,17,222,182,137,136,149
1949,18,233,182,138,136,149
1949,19,250,183,138,136,149
1949,20,256,184,139,136,149
1949,21,256,185,140,137,149
1949,22,261,185,140,137,149
1949,23,244,186,141,137,149
1950,0,6,17,84,170,152
1950,1,0,15,83,170,152
1950,2,-6,13,82,169,152
1950,3,-11,11,82,169,152
1950,4,-11,9,81,169,152
1950,5,-17,7,81,169,152
1950,6,-22,5,80,168,152
1950,7,-33,3,79,168,152
1950,8,-39,1,79,168,152
1950,9,-39,-1,78,168,152
1950,10,-39,-3,78,167,152
1950,11,-44,-5,77,167,152
1950,12,-50,-6,77,167,152
1950,13,-56,-8,76,167,152
1950,14,-61,-11,76,166,152
1950,15,-50,-13,75,166,152
1950,16,-44,-15,75,166,152
1950,17,-33,-17,75,165,152
1950,18,-22,-19,74,165,152
1950,19,-11,-20,74,164,152
1950,20,-6,-21,74,164,152
1950,21,0,-23,74,163,152
1950,22,6,-24,74,163,152
1950,23,0,-24,74,163,152
1951,0,139,109,36,111,149
1951,1,128,110,37,111,149
1951,2,117,110,37,111,149
1951,3,106,110,38,111,149
1951,4,100,110,39,110,149
1951,5,100,110,40,110,149
1951,6,83,109,41,110,149
1951,7,83,109,41,110,149
1951,8,89,109,42,110,149
1951,9,78,109,43,110,149
1951,10,50,108,43,110,149
1951,11,44,107,43,110,149
1951,12,44,106,44,110,149
1951,13,44,105,44,110,149
1951,14,56,105,44,110,149
1951,15,83,104,45,109,149
1951,16,117,104,45,109,149
1951,17,128,104,46,109,149
1951,18,133,104,46,109,149
1951,19,144,104,47,109,149
1951,20,161,104,47,109,149
1951,21,172,104,47,109,149
1951,22,189,105,48,109,149
1951,23,161,106,48,108,149
1952,0,39,84,123,147,160
1952,1,39,78,123,146,160
1952,2,44,72,122,146,160
1952,3,33,68,121,146,160
1952,4,33,64,121,146,160
1952,5,33,60,120,146,160
1952,6,28,57,120,146,160
1952,7,11,53,119,146,160
1952,8,11,48,118,145,160
1952,9,11,44,118,145,160
1952,10,6,40,117,145,160
1952,11,11,37,117,145,160
1952,12,11,34,116,145,160
1952,13,11,31,116,145,160
1952,14,11,29,115,145,160
1952,15,28,28,115,144,160
1952,16,39,28,114,144,160
1952,17,56,29,114,144,160
1952,18,61,30,113,144,160
1952,19,67,31,113,143,160
1952,20,78,32,112,143,160
1952,21,72,34,112,143,160
1952,22,78,35,111,143,160
1952,23,61,36,111,142,160
1953,0,100,44,82,147,159
1953,1,78,46,82,147,159
1953,2,72,48,81,147,159
1953,3,61,51,81,147,159
1953,4,56,53,80,147,159
1953,5,50,55,80,146,159
1953,6,39,56,79,146,159
1953,7,44,59,79,146,159
1953,8,33,60,78,146,159
1953,9,33,62,78,146,159
1953,10,33,64,78,146,159
1953,11,33,66,77,145,159
1953,12,28,68,77,145,159
1953,13,28,69,76,145,159
1953,14,50,71,76,145,159
1953,15,83,73,75,145,159
1953,16,111,75,75,145,159
1953,17,133,77,75,144,159
1953,18,150,78,74,144,159
1953,19,167,80,74,144,159
1953,20,178,82,74,144,159
1953,21,178,83,74,144,159
1953,22,172,85,74,144,159
1953,23,150,86,73,143,159
1954,0,156,146,105,132,166
1954,1,139,146,106,132,166
1954,2,128,145,107,132,166
1954,3,111,144,108,131,166
1954,4,111,142,108,131,166
1954,5,111,141,109,131,166
1954,6,100,140,109,131,166
1954,7,89,139,110,131,166
1954,8,56,136,110,130,166
1954,9,72,134,110,130,166
1954,10,67,132,110,130,166
1954,11,50,130,110,130,166
1954,12,50,127,110,129,166
1954,13,56,125,110,129,166
1954,14,83,123,111,129,166
1954,15,128,123,111,129,166
1954,16,161,123,112,129,166
1954,17,194,125,113,129,166
1954,18,211,127,114,128,166
1954,19,222,129,115,128,166
1954,20,233,130,116,128,166
1954,21,222,130,118,128,166
1954,22,217,131,119,128,166
1954,23,194,132,120,128,166
1955,0,100,49,70,128,156
1955,1,78,51,71,128,156
1955,2,78,53,71,128,156
1955,3,72,56,71,128,156
1955,4,56,59,71,128,156
1955,5,39,61,72,128,156
1955,6,39,63,72,128,156
1955,7,39,65,72,128,156
1955,8,50,68,73,127,156
1955,9,39,70,73,127,156
1955,10,39,73,74,127,156
1955,11,33,75,74,127,156
1955,12,28,78,74,127,156
1955,13,17,78,75,126,156
1955,14,67,80,75,126,156
1955,15,106,81,75,126,156
1955,16,139,83,76,126,156
1955,17,172,86,76,126,156
1955,18,189,89,77,126,156
1955,19,194,90,77,126,156
1955,20,200,92,78,126,156
1955,21,200,94,78,125,156
1955,22,194,96,79,125,156
1955,23,183,98,79,125,156
1956,0,94,46,70,145,158
1956,1,89,48,69,145,158
1956,2,89,51,69,144,158
1956,3,89,55,69,144,158
1956,4,83,58,69,144,158
1956,5,78,60,69,144,158
1956,6,78,63,69,144,158
1956,7,72,66,69,144,158
1956,8,67,69,69,144,158
1956,9,67,72,69,143,158
1956,10,56,74,69,143,158
1956,11,50,77,69,143,158
1956,12,50,79,69,143,158
1956,13,50,81,69,143,158
1956,14,78,85,69,143,158
1956,15,122,88,70,143,158
1956,16,150,92,70,143,158
1956,17,183,95,71,142,158
1956,18,194,99,71,142,158
1956,19,217,103,72,142,158
1956,20,222,106,72,142,158
1956,21,228,110,73,142,158
1956,22,217,114,74,142,158
1956,23,189,117,74,142,158
1957,0,89,59,78,108,144
1957,1,78,60,77,108,144
1957,2,67,61,77,108,144
1957,3,50,61,77,108,144
1957,4,44,61,77,108,144
1957,5,33,61,76,108,144
1957,6,50,62,76,108,144
1957,7,33,62,76,108,144
1957,8,33,63,76,107,144
1957,9,28,63,76,107,144
1957,10,28,64,75,107,144
1957,11,22,64,75,107,144
1957,12,17,64,75,107,144
1957,13,6,64,74,107,144
1957,14,22,65,74,107,144
1957,15,56,65,74,107,144
1957,16,89,66,74,107,144
1957,17,117,66,74,107,144
1957,18,117,67,75,107,144
1957,19,128,67,75,106,144
1957,20,122,67,75,106,144
1957,21,128,67,75,106,144
1957,22,122,66,75,106,144
1957,23,106,66,75,106,144
1958,0,161,144,120,142,145
1958,1,150,145,120,142,145
1958,2,128,145,120,142,145
1958,3,117,145,120,142,145
1958,4,100,144,120,142,145
1958,5,78,143,120,142,145
1958,6,78,141,120,142,145
1958,7,89,141,121,142,145
1958,8,83,139,121,142,145
1958,9,72,137,121,142,145
1958,10,61,135,121,141,145
1958,11,50,133,121,141,145
1958,12,44,131,121,141,145
1958,13,44,130,121,141,145
1958,14,72,129,121,141,145
1958,15,117,129,121,141,145
1958,16,150,128,121,141,145
1958,17,178,128,121,141,145
1958,18,200,128,121,141,146
1958,19,211,127,121,141,146
1958,20,222,127,121,141,146
1958,21,228,127,121,141,146
1958,22,222,127,121,141,146
1958,23,206,128,121,141,146
1959,0,144,96,78,125,144
1959,1,117,96,78,125,144
1959,2,94,97,77,125,144
1959,3,89,97,76,125,144
1959,4,100,99,76,124,144
1959,5,94,100,75,124,144
1959,6,67,100,74,124,144
1959,7,72,101,74,124,144
1959,8,56,101,73,124,144
1959,9,67,102,72,124,144
1959,10,61,103,71,124,144
1959,11,56,104,70,124,144
1959,12,56,105,70,124,144
1959,13,61,106,69,124,144
1959,14,78,107,68,124,144
1959,15,106,109,68,124,144
1959,16,117,109,67,124,144
1959,17,133,109,67,124,144
1959,18,144,108,66,124,144
1959,19,156,108,66,124,144
1959,20,167,107,66,124,144
1959,21,178,107,66,124,144
1959,22,167,106,66,124,144
1959,23,156,106,66,124,144
1960,0,11,56,96,143,143
1960,1,6,52,95,143,143
1960,2,0,47,94,143,143
1960,3,-11,42,94,142,143
1960,4,-17,38,93,142,143
1960,5,-17,33,93,142,143
1960,6,-28,29,92,141,143
1960,7,-28,24,91,141,143
1960,8,-33,19,91,141,143
1960,9,-39,14,90,141,143
1960,10,-44,9,90,140,143
1960,11,-44,5,89,140,143
1960,12,-50,1,89,140,143
1960,13,-50,-2,88,139,143
1960,14,-28,-4,87,139,143
1960,15,-6,-5,87,139,143
1960,16,11,-6,86,139,143
1960,17,28,-6,86,138,143
1960,18,50,-5,85,138,143
1960,19,61,-3,84,138,143
1960,20,67,-2,84,137,143
1960,21,78,-1,83,137,143
1960,22,78,1,82,137,143
1960,23,72,3,82,137,143
1961,0,128,85,56,140,149
1961,1,111,85,57,140,149
1961,2,100,87,57,140,149
1961,3,100,88,58,140,149
1961,4,94,89,58,140,149
1961,5,89,92,59,140,149
1961,6,83,94,59,140,149
1961,7,72,95,59,139,149
1961,8,72,96,60,139,149
1961,9,78,99,60,139,149
1961,10,100,101,61,139,149
1961,11,100,104,62,139,149
1961,12,83,105,62,139,149
1961,13,83,107,63,139,149
1961,14,83,108,63,139,149
1961,15,78,108,64,139,149
1961,16,106,108,64,139,149
1961,17,144,108,65,139,149
1961,18,156,110,66,139,149
1961,19,156,110,66,138,149
1961,20,161,110,67,138,149
1961,21,172,111,67,138,149
1961,22,194,112,68,138,149
1961,23,178,113,68,138,149
1962,0,122,63,85,146,153
1962,1,100,65,85,145,153
1962,2,83,66,85,145,153
1962,3,72,68,86,145,153
1962,4,67,70,86,145,153
1962,5,56,72,86,145,153
1962,6,56,74,86,144,153
1962,7,50,76,86,144,153
1962,8,44,78,86,144,153
1962,9,33,79,85,144,153
1962,10,33,80,85,143,153
1962,11,39,81,85,143,153
1962,12,33,83,85,143,153
1962,13,28,84,85,143,153
1962,14,44,86,85,142,153
1962,15,78,87,85,142,153
1962,16,106,88,85,142,153
1962,17,133,89,85,142,153
1962,18,167,90,86,141,153
1962,19,189,92,86,141,153
1962,20,194,94,87,141,153
1962,21,200,95,87,141,153
1962,22,194,95,88,141,153
1962,23,183,96,89,141,153
1963,0,183,144,149,183,163
1963,1,178,144,150,183,163
1963,2,167,145,150,183,163
1963,3,144,146,150,183,163
1963,4,133,147,150,183,163
1963,5,144,148,151,183,163
1963,6,111,149,151,183,163
1963,7,133,151,151,183,163
1963,8,117,152,151,182,163
1963,9,117,153,151,182,163
1963,10,106,154,151,182,163
1963,11,111,155,151,182,163
1963,12,94,156,151,182,163
1963,13,100,157,151,182,163
1963,14,111,158,151,182,163
1963,15,156,159,151,182,163
1963,16,194,160,152,182,163
1963,17,211,161,152,181,163
1963,18,217,161,153,181,163
1963,19,228,161,153,181,163
1963,20,239,162,154,181,163
1963,21,239,162,154,181,163
1963,22,239,162,155,181,163
1963,23,222,162,155,181,163
1964,0,194,160,147,156,154
1964,1,194,162,147,156,154
1964,2,178,164,146,156,154
1964,3,172,165,146,156,154
1964,4,167,167,146,156,154
1964,5,156,168,146,156,154
1964,6,144,169,146,156,154
1964,7,161,171,146,156,154
1964,8,161,172,146,156,154
1964,9,161,174,145,156,154
1964,10,156,176,145,156,154
1964,11,150,177,145,156,154
1964,12,150,179,145,156,154
1964,13,150,180,145,156,154
1964,14,156,181,145,156,154
1964,15,172,182,145,156,154
1964,16,178,182,145,157,154
1964,17,200,182,145,157,154
1964,18,211,181,145,157,154
1964,19,222,181,145,157,154
1964,20,222,181,145,157,154
1964,21,228,181,145,157,154
1964,22,222,180,145,157,154
1964,23,206,180,146,157,154
1965,0,111,102,146,159,154
1965,1,100,100,146,159,154
1965,2,89,99,146,158,154
1965,3,94,98,145,158,154
1965,4,89,97,145,158,154
1965,5,78,96,145,158,154
1965,6,67,94,144,158,154
1965,7,67,93,144,158,154
1965,8,67,92,144,157,154
1965,9,67,91,143,157,154
1965,10,67,90,143,157,154
1965,11,72,89,143,157,154
1965,12,78,90,142,157,154
1965,13,72,90,142,157,154
1965,14,78,90,142,156,154
1965,15,111,92,141,156,154
1965,16,144,94,141,156,154
1965,17,178,98,141,156,154
1965,18,183,101,141,156,154
1965,19,200,105,141,156,154
1965,20,206,109,141,156,154
1965,21,206,112,141,156,154
1965,22,206,115,141,156,154
1965,23,189,117,142,156,154
1966,0,61,121,132,138,158
1966,1,61,115,132,138,158
1966,2,50,108,132,137,158
1966,3,39,102,132,137,158
1966,4,33,95,133,137,158
1966,5,33,88,133,137,158
1966,6,28,81,133,137,158
1966,7,28,75,134,137,158
1966,8,17,67,134,137,158
1966,9,6,60,134,137,158
1966,10,0,52,135,136,158
1966,11,0,44,135,136,158
1966,12,-6,37,135,136,158
1966,13,-11,34,135,136,158
1966,14,11,33,135,136,158
1966,15,39,33,135,136,158
1966,16,61,34,135,135,158
1966,17,83,37,135,135,158
1966,18,100,39,135,135,158
1966,19,117,42,135,135,158
1966,20,133,45,135,135,158
1966,21,139,49,135,134,158
1966,22,133,51,135,134,158
1966,23,117,53,135,134,158
1967,0,133,127,68,128,159
1967,1,117,127,68,128,159
1967,2,117,126,68,128,159
1967,3,117,126,69,128,159
1967,4,117,126,69,128,159
1967,5,117,126,70,128,159
1967,6,117,126,71,128,159
1967,7,111,126,71,128,159
1967,8,111,126,72,128,159
1967,9,111,126,72,128,159
1967,10,111,126,73,128,159
1967,11,106,125,73,128,159
1967,12,106,125,74,128,159
1967,13,106,125,74,128,159
1967,14,100,124,75,128,159
1967,15,100,123,75,128,159
1967,16,111,123,75,128,159
1967,17,128,123,76,128,160
1967,18,156,123,76,128,160
1967,19,178,124,77,128,160
1967,20,211,126,77,128,160
1967,21,222,129,78,128,160
1967,22,217,132,79,128,160
1967,23,206,134,80,128,160
1968,0,83,44,76,143,146
1968,1,78,46,75,143,146
1968,2,83,48,75,143,146
1968,3,72,49,75,143,146
1968,4,72,52,75,143,146
1968,5,72,55,75,143,146
1968,6,56,58,75,143,146
1968,7,61,60,74,143,146
1968,8,67,62,74,143,146
1968,9,67,64,74,143,146
1968,10,67,67,74,143,146
1968,11,67,70,74,143,146
1968,12,67,73,74,142,146
1968,13,67,76,74,142,146
1968,14,61,78,74,142,146
1968,15,61,80,74,142,146
1968,16,61,79,73,142,146
1968,17,67,78,73,142,146
1968,18,61,76,73,142,146
1968,19,67,74,73,142,146
1968,20,83,73,72,141,146
1968,21,83,72,72,141,146
1968,22,83,71,72,141,146
1968,23,72,70,71,141,146
1969,0,144,134,112,111,147
1969,1,117,132,112,111,147
1969,2,139,132,113,111,147
1969,3,133,132,113,111,147
1969,4,117,131,114,111,147
1969,5,83,130,114,111,147
1969,6,78,129,114,111,147
1969,7,83,129,115,111,147
1969,8,78,129,115,110,147
1969,9,94,129,116,110,147
1969,10,89,130,116,110,147
1969,11,89,131,117,110,147
1969,12,100,132,117,110,147
1969,13,89,134,118,110,147
1969,14,111,135,118,110,147
1969,15,139,136,119,110,147
1969,16,189,138,120,110,147
1969,17,211,140,120,110,147
1969,18,239,141,121,110,147
1969,19,244,143,122,110,147
1969,20,256,144,123,111,147
1969,21,256,146,124,111,147
1969,22,244,147,125,111,147
1969,23,222,148,126,111,147
1970,0,111,108,96,116,149
1970,1,100,107,97,116,149
1970,2,89,106,97,116,149
1970,3,78,105,97,116,149
1970,4,83,104,97,116,149
1970,5,61,103,97,116,149
1970,6,50,101,98,116,149
1970,7,39,100,98,116,149
1970,8,28,97,98,116,149
1970,9,28,95,98,116,149
1970,10,28,93,98,115,149
1970,11,6,90,98,115,149
1970,12,28,88,98,115,149
1970,13,17,85,98,115,149
1970,14,22,82,98,115,149
1970,15,67,80,99,115,149
1970,16,117,81,99,115,149
1970,17,144,81,99,115,149
1970,18,161,83,100,115,149
1970,19,178,85,100,115,149
1970,20,189,86,101,115,149
1970,21,194,88,102,115,149
1970,22,189,90,102,115,149
1970,23,161,90,103,115,149
1971,0,106,66,85,147,152
1971,1,89,67,84,147,152
1971,2,72,68,84,146,152
1971,3,72,68,84,146,152
1971,4,44,68,84,146,152
1971,5,44,69,83,146,152
1971,6,44,69,83,146,152
1971,7,44,70,83,146,152
1971,8,39,71,83,146,152
1971,9,33,72,83,146,152
1971,10,17,72,83,146,152
1971,11,17,72,83,146,152
1971,12,11,71,83,145,152
1971,13,22,71,83,145,152
1971,14,39,72,83,145,152
1971,15,78,73,83,145,152
1971,16,117,75,83,145,152
1971,17,150,78,83,145,152
1971,18,172,80,84,145,152
1971,19,183,82,84,145,152
1971,20,200,85,84,144,152
1971,21,206,87,84,144,152
1971,22,206,89,85,144,152
1971,23,183,91,85,144,152
1972,0,122,136,119,132,158
1972,1,106,135,118,132,158
1972,2,89,134,118,132,158
1972,3,83,132,118,131,158
1972,4,78,131,118,131,158
1972,5,72,129,118,131,158
1972,6,67,128,118,131,158
1972,7,67,126,118,130,158
1972,8,67,125,118,130,158
1972,9,67,123,118,130,158
1972,10,67,122,118,130,158
1972,11,72,121,119,130,158
1972,12,72,119,119,129,158
1972,13,56,116,119,129,158
1972,14,61,113,119,129,158
1972,15,78,110,119,129,158
1972,16,100,107,119,129,158
1972,17,111,104,119,128,158
1972,18,122,101,118,128,158
1972,19,139,99,118,128,158
1972,20,144,98,118,128,158
1972,21,150,97,118,128,158
1972,22,150,96,118,127,158
1972,23,133,95,118,127,158
1973,0,78,66,79,138,141
1973,1,67,65,79,138,141
1973,2,67,65,78,137,141
1973,3,44,63,78,137,141
1973,4,39,62,78,137,141
1973,5,50,61,78,137,141
1973,6,56,60,78,136,141
1973,7,67,61,78,136,141
1973,8,67,62,78,136,141
1973,9,67,62,78,136,141
1973,10,67,63,78,136,141
1973,11,67,64,78,136,141
1973,12,61,65,78,135,141
1973,13,61,67,78,135,141
1973,14,61,68,78,135,141
1973,15,67,69,78,135,141
1973,16,78,70,78,135,141
1973,17,83,72,78,135,141
1973,18,94,73,78,135,141
1973,19,100,73,77,135,141
1973,20,100,73,77,135,141
1973,21,94,73,77,134,141
1973,22,100,73,77,134,141
1973,23,111,73,77,134,141
1974,0,117,108,104,151,154
1974,1,117,107,104,151,154
1974,2,117,107,103,151,154
1974,3,117,107,103,151,154
1974,4,117,107,102,151,154
1974,5,117,107,102,151,154
1974,6,122,108,101,151,154
1974,7,117,109,101,151,154
1974,8,122,110,100,151,154
1974,9,117,111,100,151,154
1974,10,117,112,99,151,154
1974,11,117,113,99,151,154
1974,12,117,114,98,150,154
1974,13,122,115,98,150,154
1974,14,122,116,98,150,154
1974,15,128,117,98,150,154
1974,16,128,118,97,150,154
1974,17,128,119,97,150,154
1974,18,122,119,97,150,154
1974,19,122,120,97,149,154
1974,20,128,120,97,149,154
1974,21,133,121,96,149,154
1974,22,133,121,96,149,154
1974,23,133,122,97,149,154
1975,0,128,190,159,168,147
1975,1,117,186,159,168,147
1975,2,111,183,159,168,147
1975,3,100,180,158,168,147
1975,4,83,175,158,167,147
1975,5,78,171,158,167,147
1975,6,78,167,157,167,147
1975,7,83,162,157,167,147
1975,8,83,158,157,167,146
1975,9,78,154,156,167,146
1975,10,56,148,156,166,146
1975,11,50,142,156,166,146
1975,12,61,137,155,166,146
1975,13,33,130,155,166,146
1975,14,44,124,154,166,146
1975,15,83,118,154,165,146
1975,16,111,114,154,165,146
1975,17,128,110,154,165,146
1975,18,144,106,154,165,146
1975,19,161,104,154,165,146
1975,20,172,103,154,164,146
1975,21,178,103,154,164,146
1975,22,172,103,155,164,146
1975,23,156,104,155,164,146
1976,0,183,136,101,114,154
1976,1,161,137,101,114,154
1976,2,139,138,101,114,154
1976,3,144,139,101,114,154
1976,4,128,140,101,114,154
1976,5,111,140,101,114,154
1976,6,100,140,100,114,154
1976,7,94,139,100,114,154
1976,8,89,138,100,114,154
1976,9,78,137,100,114,154
1976,10,94,137,100,114,154
1976,11,89,138,100,114,154
1976,12,94,139,101,114,154
1976,13,78,140,101,114,154
1976,14,83,141,101,114,154
1976,15,106,141,101,114,154
1976,16,128,140,101,114,154
1976,17,150,140,101,113,154
1976,18,167,139,101,113,154
1976,19,189,138,101,113,154
1976,20,194,137,101,113,154
1976,21,200,136,101,113,154
1976,22,194,134,101,113,154
1976,23,178,132,102,112,154
1977,0,61,58,128,152,157
1977,1,33,55,127,152,157
1977,2,22,53,127,152,157
1977,3,22,50,126,152,157
1977,4,28,46,126,152,157
1977,5,17,43,125,151,157
1977,6,6,41,125,151,157
1977,7,6,39,124,151,157
1977,8,-6,38,124,151,157
1977,9,-11,37,123,151,157
1977,10,-11,36,122,151,157
1977,11,-11,35,122,151,157
1977,12,-17,33,121,151,157
1977,13,-28,31,120,150,157
1977,14,0,30,119,150,157
1977,15,39,30,119,150,157
1977,16,78,32,118,150,157
1977,17,100,33,118,150,157
1977,18,106,35,118,150,157
1977,19,117,37,118,150,157
1977,20,128,39,118,150,157
1977,21,133,41,117,150,157
1977,22,133,43,117,150,157
1977,23,128,45,117,150,157
1978,0,167,119,135,160,154
1978,1,150,120,135,160,154
1978,2,144,121,135,160,154
1978,3,133,123,134,160,154
1978,4,133,125,134,160,154
1978,5,128,126,134,160,154
1978,6,128,128,134,160,154
1978,7,122,130,134,160,154
1978,8,117,132,134,160,154
1978,9,117,133,134,160,154
1978,10,111,135,133,160,154
1978,11,111,137,133,160,154
1978,12,111,139,133,159,154
1978,13,100,141,132,159,154
1978,14,106,143,132,159,155
1978,15,133,144,132,159,155
1978,16,161,146,131,159,155
1978,17,189,147,131,159,155
1978,18,211,149,131,159,155
1978,19,228,150,131,159,155
1978,20,250,152,130,159,155
1978,21,256,154,130,159,155
1978,22,256,156,130,159,155
1978,23,194,156,130,158,155
1979,0,72,96,91,153,140
1979,1,56,93,91,153,140
1979,2,50,89,91,153,140
1979,3,44,85,91,153,140
1979,4,39,82,91,153,139
1979,5,33,78,90,152,139
1979,6,28,75,90,152,139
1979,7,17,72,90,152,139
1979,8,11,68,90,152,139
1979,9,11,65,90,152,139
1979,10,0,61,90,152,139
1979,11,6,57,90,151,139
1979,12,6,54,89,151,139
1979,13,0,51,89,151,139
1979,14,6,47,89,151,139
1979,15,6,44,89,150,139
1979,16,11,41,88,150,139
1979,17,17,39,88,150,139
1979,18,22,37,87,149,139
1979,19,28,35,86,149,139
1979,20,17,32,85,148,139
1979,21,22,29,84,148,139
1979,22,22,26,83,148,139
1979,23,22,23,82,147,139
1980,0,211,185,170,147,163
1980,1,178,184,170,147,163
1980,2,161,183,170,147,163
1980,3,156,182,170,147,163
1980,4,156,183,170,147,163
1980,5,139,183,170,147,163
1980,6,161,184,171,147,163
1980,7,156,185,171,147,163
1980,8,156,186,172,147,163
1980,9,144,187,172,147,163
1980,10,139,187,172,147,163
1980,11,128,186,172,147,163
1980,12,122,186,173,148,163
1980,13,156,187,173,148,163
1980,14,156,188,173,148,163
1980,15,161,188,173,148,163
1980,16,172,187,173,148,163
1980,17,189,185,173,148,163
1980,18,211,183,173,148,163
1980,19,228,182,173,148,163
1980,20,250,181,173,148,163
1980,21,261,180,173,148,163
1980,22,267,180,173,148,163
1980,23,256,180,174,148,163
1981,0,56,48,99,129,158
1981,1,44,47,99,129,158
1981,2,33,45,98,129,158
1981,3,33,44,98,128,158
1981,4,28,44,98,128,158
1981,5,11,42,97,128,158
1981,6,0,41,97,128,158
1981,7,0,39,96,128,158
1981,8,-6,38,96,128,158
1981,9,-6,36,95,127,158
1981,10,-11,34,95,127,158
1981,11,-17,33,94,127,158
1981,12,-22,31,94,127,158
1981,13,-17,29,93,127,158
1981,14,0,28,93,126,158
1981,15,39,29,92,126,158
1981,16,67,30,92,126,157
1981,17,83,32,92,126,157
1981,18,106,34,92,126,157
1981,19,111,36,92,126,157
1981,20,122,37,92,126,157
1981,21,133,39,92,126,157
1981,22,133,41,92,126,157
1981,23,117,43,92,126,157
1982,0,183,162,115,141,152
1982,1,178,163,115,141,152
1982,2,183,163,115,141,152
1982,3,178,164,115,141,152
1982,4,172,165,115,141,152
1982,5,167,166,116,141,152
1982,6,161,166,116,141,152
1982,7,167,167,116,141,152
1982,8,161,168,117,141,153
1982,9,167,170,117,141,153
1982,10,172,171,118,142,153
1982,11,172,173,119,142,153
1982,12,172,176,120,142,153
1982,13,172,178,121,142,153
1982,14,172,180,121,142,153
1982,15,183,182,122,142,153
1982,16,194,183,123,142,153
1982,17,200,183,124,142,153
1982,18,200,183,124,142,153
1982,19,200,183,125,142,153
1982,20,189,181,125,142,153
1982,21,194,181,126,142,153
1982,22,183,180,126,142,153
1982,23,183,179,127,142,153
1983,0,61,104,142,153,153
1983,1,56,100,141,153,153
1983,2,50,95,140,153,153
1983,3,50,91,139,153,153
1983,4,44,86,138,152,153
1983,5,39,81,137,152,153
1983,6,33,75,137,152,153
1983,7,28,69,136,152,153
1983,8,22,64,135,152,153
1983,9,17,57,134,151,153
1983,10,11,53,133,151,153
1983,11,6,50,132,151,153
1983,12,0,47,131,151,153
1983,13,6,45,130,150,153
1983,14,6,43,129,150,153
1983,15,17,42,128,150,153
1983,16,28,40,127,150,153
1983,17,39,39,126,150,153
1983,18,50,39,125,149,153
1983,19,61,38,124,149,153
1983,20,72,38,123,149,153
1983,21,83,38,122,149,153
1983,22,83,39,122,149,153
1983,23,78,39,121,149,153
1984,0,194,199,148,144,146
1984,1,178,199,149,144,146
1984,2,161,198,149,143,146
1984,3,156,197,150,143,146
1984,4,167,196,150,143,146
1984,5,156,195,151,143,146
1984,6,156,193,151,143,146
1984,7,111,189,151,143,146
1984,8,83,184,151,143,146
1984,9,61,179,151,143,146
1984,10,56,173,151,143,146
1984,11,56,168,151,143,146
1984,12,50,162,150,143,146
1984,13,56,158,150,142,146
1984,14,56,154,150,142,146
1984,15,72,149,150,142,146
1984,16,72,144,149,142,146
1984,17,72,138,149,142,146
1984,18,83,132,148,141,146
1984,19,94,126,148,141,146
1984,20,106,121,147,141,146
1984,21,111,116,147,141,146
1984,22,111,110,146,141,146
1984,23,106,105,146,140,146
1985,0,117,180,126,151,154
1985,1,100,177,126,151,154
1985,2,78,174,126,151,154
1985,3,67,170,126,151,153
1985,4,67,166,126,150,153
1985,5,56,162,126,150,153
1985,6,56,157,126,150,153
1985,7,50,151,126,150,153
1985,8,39,146,125,150,153
1985,9,28,139,125,150,153
1985,10,28,133,125,150,153
1985,11,22,126,125,150,153
1985,12,22,119,125,150,153
1985,13,22,112,124,150,153
1985,14,22,105,124,150,153
1985,15,22,98,124,150,153
1985,16,22,91,123,150,153
1985,17,28,83,123,149,153
1985,18,33,76,122,149,153
1985,19,33,68,121,149,153
1985,20,39,60,121,149,153
1985,21,44,54,120,149,153
1985,22,44,49,119,149,153
1985,23,39,45,118,148,153
1986,0,89,96,106,134,162
1986,1,67,93,106,134,162
1986,2,56,90,106,134,162
1986,3,67,88,106,134,162
1986,4,67,85,106,133,162
1986,5,67,84,106,133,162
1986,6,72,83,106,133,162
1986,7,72,82,106,133,162
1986,8,72,81,106,133,162
1986,9,67,80,106,133,162
1986,10,67,80,106,133,162
1986,11,67,80,107,132,162
1986,12,61,80,107,132,162
1986,13,61,81,107,132,162
1986,14,67,81,106,132,162
1986,15,67,82,106,132,162
1986,16,61,81,106,132,162
1986,17,78,80,106,131,162
1986,18,75,79,106,131,162
1986,19,72,77,105,131,162
1986,20,72,75,105,131,162
1986,21,72,73,104,131,162
1986,22,78,71,103,131,162
1986,23,72,69,103,131,162
1987,0,78,74,146,152,157
1987,1,67,73,145,152,157
1987,2,61,72,145,152,157
1987,3,56,70,144,152,157
1987,4,50,69,143,152,157
1987,5,39,67,143,152,157
1987,6,33,64,142,152,157
1987,7,28,62,141,152,157
1987,8,22,59,141,152,157
1987,9,17,57,140,152,157
1987,10,6,54,139,151,157
1987,11,0,52,138,151,157
1987,12,-6,49,137,151,157
1987,13,-5,46,137,151,157
1987,14,6,44,136,151,157
1987,15,22,43,135,151,157
1987,16,44,43,134,151,157
1987,17,61,43,133,151,157
1987,18,78,44,132,151,157
1987,19,83,44,131,151,157
1987,20,89,45,130,151,157
1987,21,100,46,129,151,157
1987,22,94,46,128,151,157
1987,23,83,46,127,151,157
1988,0,172,195,149,154,154
1988,1,150,194,149,154,154
1988,2,139,193,149,154,154
1988,3,122,192,149,154,154
1988,4,111,190,149,153,154
1988,5,100,187,148,153,154
1988,6,94,184,148,153,154
1988,7,89,181,148,153,154
1988,8,83,178,148,153,154
1988,9,72,173,147,153,154
1988,10,67,169,147,153,154
1988,11,61,164,147,153,154
1988,12,56,159,147,153,154
1988,13,50,154,147,153,154
1988,14,61,149,147,153,154
1988,15,89,144,146,153,154
1988,16,111,140,146,153,154
1988,17,122,135,146,153,154
1988,18,139,131,145,152,154
1988,19,150,127,145,152,154
1988,20,161,122,145,152,154
1988,21,156,117,144,152,154
1988,22,156,112,144,152,154
1988,23,156,111,143,152,154
1989,0,183,121,127,147,152
1989,1,167,124,128,147,152
1989,2,156,127,128,147,152
1989,3,150,130,129,147,152
1989,4,144,133,129,147,152
1989,5,133,135,130,147,152
1989,6,122,137,131,147,152
1989,7,122,140,131,147,152
1989,8,111,143,132,147,152
1989,9,117,145,132,147,152
1989,10,117,148,133,147,152
1989,11,122,149,134,147,152
1989,12,117,151,134,147,152
1989,13,106,152,135,147,152
1989,14,117,154,135,147,152
1989,15,156,155,136,147,152
1989,16,189,157,136,147,152
1989,17,217,159,137,147,152
1989,18,233,161,138,147,152
1989,19,250,163,138,146,152
1989,20,256,164,139,146,152
1989,21,261,166,140,146,152
1989,22,267,168,140,146,152
1989,23,250,169,141,146,152
1990,0,117,88,81,137,162
1990,1,89,89,81,137,162
1990,2,89,89,80,137,162
1990,3,83,90,80,137,162
1990,4,72,90,79,137,162
1990,5,67,90,78,137,162
1990,6,72,90,77,137,162
1990,7,67,89,77,137,162
1990,8,61,89,76,137,162
1990,9,61,88,75,137,162
1990,10,56,88,75,136,162
1990,11,50,88,74,136,162
1990,12,44,88,73,136,162
1990,13,39,88,72,136,162
1990,14,56,88,71,136,162
1990,15,89,89,71,136,162
1990,16,133,91,70,136,162
1990,17,167,94,70,136,162
1990,18,183,97,70,136,162
1990,19,200,99,70,136,162
1990,20,206,102,70,136,162
1990,21,211,104,69,136,162
1990,22,211,107,70,136,162
1990,23,206,110,71,136,162
1991,0,78,31,12,116,160
1991,1,67,33,13,116,160
1991,2,61,34,13,115,160
1991,3,50,36,14,115,160
1991,4,44,38,15,115,160
1991,5,39,40,15,115,160
1991,6,33,42,16,115,160
1991,7,28,43,16,114,160
1991,8,22,45,17,114,160
1991,9,22,46,18,114,160
1991,10,17,48,18,114,160
1991,11,11,49,19,114,160
1991,12,6,50,20,113,160
1991,13,11,51,20,113,160
1991,14,17,52,21,113,160
1991,15,44,53,22,113,160
1991,16,67,54,22,112,160
1991,17,78,55,23,112,160
1991,18,83,55,24,112,160
1991,19,94,54,24,112,160
1991,20,100,54,25,111,160
1991,21,111,54,25,111,160
1991,22,89,53,26,111,160
1991,23,61,51,26,110,160
1992,0,167,136,75,140,159
1992,1,172,138,75,140,159
1992,2,167,140,75,140,159
1992,3,172,142,75,140,159
1992,4,172,143,76,140,159
1992,5,172,145,76,140,159
1992,6,167,147,76,141,159
1992,7,161,149,76,141,159
1992,8,161,150,76,141,159
1992,9,167,152,77,141,159
1992,10,167,154,77,141,159
1992,11,172,156,77,141,159
1992,12,167,157,78,141,159
1992,13,172,159,78,141,159
1992,14,183,161,79,141,159
1992,15,189,163,80,141,159
1992,16,194,166,81,141,159
1992,17,217,169,82,141,159
1992,18,222,172,82,141,159
1992,19,233,176,83,141,159
1992,20,206,178,84,141,159
1992,21,194,180,85,141,159
1992,22,189,181,85,141,159
1992,23,172,181,86,141,159
1993,0,94,90,68,104,144
1993,1,83,90,68,103,144
1993,2,67,89,68,103,144
1993,3,78,89,68,103,144
1993,4,67,88,68,103,144
1993,5,61,87,68,103,144
1993,6,39,86,68,103,144
1993,7,39,84,68,103,144
1993,8,50,83,68,103,144
1993,9,28,81,68,103,144
1993,10,11,79,68,103,144
1993,11,6,76,68,103,144
1993,12,17,74,69,103,144
1993,13,22,72,69,103,144
1993,14,28,70,69,103,144
1993,15,78,70,69,103,144
1993,16,111,71,69,103,144
1993,17,133,73,69,103,144
1993,18,150,75,68,103,144
1993,19,150,76,68,102,144
1993,20,161,77,68,102,144
1993,21,167,79,68,102,144
1993,22,161,80,68,102,144
1993,23,144,81,68,102,144
1994,0,89,103,133,147,151
1994,1,72,98,132,147,151
1994,2,67,93,132,147,151
1994,3,61,87,131,147,151
1994,4,67,82,130,147,151
1994,5,67,79,129,147,151
1994,6,61,77,128,147,151
1994,7,50,74,127,147,151
1994,8,33,72,126,147,151
1994,9,28,69,125,147,151
1994,10,39,67,124,147,151
1994,11,33,65,123,146,151
1994,12,28,63,122,146,151
1994,13,39,62,121,146,151
1994,14,50,61,120,146,151
1994,15,67,61,120,146,151
1994,16,83,62,119,146,151
1994,17,89,63,118,146,151
1994,18,94,64,117,146,151
1994,19,106,66,116,146,151
1994,20,117,67,115,146,151
1994,21,128,69,114,146,151
1994,22,128,70,113,145,151
1994,23,122,72,112,145,151
1995,0,189,126,90,143,151
1995,1,183,130,91,142,151
1995,2,183,135,92,142,151
1995,3,183,140,93,142,151
1995,4,183,144,94,142,151
1995,5,178,149,94,142,151
1995,6,172,153,95,142,151
1995,7,167,158,96,142,151
1995,8,167,162,97,142,151
1995,9,167,166,98,142,151
1995,10,167,169,99,142,151
1995,11,167,173,100,142,151
1995,12,167,176,101,142,151
1995,13,172,179,102,142,151
1995,14,172,182,102,142,151
1995,15,189,184,103,142,151
1995,16,211,187,104,142,151
1995,17,228,188,105,142,151
1995,18,244,190,106,142,151
1995,19,261,192,108,142,151
1995,20,278,194,109,142,151
1995,21,200,194,109,142,151
1995,22,106,189,109,142,151
1995,23,61,183,109,142,151
1996,0,144,85,108,135,151
1996,1,128,88,108,135,151
1996,2,122,91,108,135,151
1996,3,122,94,109,135,151
1996,4,122,97,109,135,151
1996,5,117,100,110,135,151
1996,6,100,103,110,135,151
1996,7,89,105,111,135,151
1996,8,78,108,111,135,151
1996,9,67,109,111,135,151
1996,10,44,110,112,135,151
1996,11,39,111,112,135,151
1996,12,33,112,112,135,151
1996,13,22,113,112,135,151
1996,14,33,113,112,135,151
1996,15,50,112,112,135,151
1996,16,67,110,112,135,151
1996,17,78,107,111,134,151
1996,18,100,105,111,134,151
1996,19,100,101,111,134,151
1996,20,106,97,111,134,151
1996,21,111,93,111,134,151
1996,22,117,90,111,134,151
1996,23,100,87,111,133,151
1997,0,56,78,87,120,153
1997,1,56,76,87,120,153
1997,2,50,73,86,120,153
1997,3,50,70,86,120,153
1997,4,50,69,86,119,153
1997,5,44,67,86,119,153
1997,6,44,65,85,119,153
1997,7,39,64,85,119,153
1997,8,33,62,85,118,153
1997,9,28,61,84,118,153
1997,10,22,59,84,118,153
1997,11,17,56,84,118,153
1997,12,17,54,84,117,153
1997,13,17,51,83,117,153
1997,14,22,49,83,117,153
1997,15,28,46,83,117,153
1997,16,28,44,82,116,153
1997,17,39,43,82,116,153
1997,18,50,42,81,116,153
1997,19,56,42,81,115,153
1997,20,56,41,80,115,153
1997,21,61,41,79,115,153
1997,22,50,40,79,115,153
1997,23,33,39,78,115,153
1998,0,194,128,87,150,167
1998,1,200,133,87,150,167
1998,2,200,138,88,150,167
1998,3,150,140,88,150,167
1998,4,128,142,88,150,167
1998,5,122,144,88,150,168
1998,6,117,145,88,150,168
1998,7,117,146,88,150,168
1998,8,78,145,88,150,168
1998,9,56,143,87,150,168
1998,10,50,141,87,149,168
1998,11,44,139,87,149,168
1998,12,39,136,86,149,168
1998,13,39,133,86,149,168
1998,14,44,130,86,149,168
1998,15,67,127,85,149,168
1998,16,78,125,85,148,168
1998,17,89,122,85,148,168
1998,18,106,120,85,148,168
1998,19,117,118,85,148,168
1998,20,128,116,85,148,168
1998,21,133,113,85,148,168
1998,22,139,110,85,147,168
1998,23,128,107,85,147,168
1999,0,200,170,148,158,165
1999,1,189,172,149,158,165
1999,2,172,173,149,158,165
1999,3,167,174,150,158,165
1999,4,172,175,151,158,165
1999,5,167,176,152,158,165
1999,6,172,178,153,158,165
1999,7,156,179,154,158,165
1999,8,139,178,155,158,165
1999,9,133,178,155,158,165
1999,10,144,179,156,158,165
1999,11,122,179,157,158,165
1999,12,111,179,157,158,165
1999,13,100,178,158,158,165
1999,14,111,177,159,157,165
1999,15,156,176,159,157,165
1999,16,172,175,159,157,165
1999,17,206,174,160,157,165
1999,18,217,174,160,157,165
1999,19,239,174,160,157,165
1999,20,244,174,161,157,165
1999,21,250,174,161,157,165
1999,22,256,175,162,157,165
1999,23,228,176,162,157,165
2000,0,44,16,79,156,169
2000,1,16,17,78,156,169
2000,2,14,18,77,156,169
2000,3,17,19,76,156,169
2000,4,14,20,76,156,169
2000,5,10,21,75,156,169
2000,6,6,21,74,156,169
2000,7,-3,21,73,155,169
2000,8,-3,21,72,155,169
2000,9,-3,20,72,155,169
2000,10,-8,20,71,155,169
2000,11,-6,19,70,155,169
2000,12,0,19,69,155,169
2000,13,0,20,69,155,169
2000,14,22,21,68,154,169
2000,15,42,22,68,154,169
2000,16,56,24,67,154,169
2000,17,70,25,67,154,169
2000,18,78,27,67,154,169
2000,19,97,29,66,153,169
2000,20,106,31,66,153,169
2000,21,111,33,66,153,169
2000,22,108,35,66,153,169
2000,23,93,37,66,153,169
2001,0,106,90,149,152,150
2001,1,89,90,149,151,150
2001,2,78,90,148,151,150
2001,3,66,89,147,151,150
2001,4,56,88,147,151,150
2001,5,45,86,146,151,150
2001,6,44,85,145,151,150
2001,7,44,84,144,151,150
2001,8,44,83,143,151,150
2001,9,44,81,143,151,150
2001,10,42,80,142,151,150
2001,11,40,79,141,150,150
2001,12,44,77,141,150,150
2001,13,48,76,140,150,150
2001,14,75,76,139,150,150
2001,15,116,78,139,150,150
2001,16,153,81,139,150,150
2001,17,178,84,139,150,150
2001,18,189,88,139,150,150
2001,19,206,92,139,150,150
2001,20,214,96,139,150,150
2001,21,214,99,139,150,150
2001,22,202,102,139,150,150
2001,23,172,104,139,150,150
2002,0,211,193,107,104,152
2002,1,192,194,108,104,152
2002,2,192,196,109,104,152
2002,3,186,197,109,104,152
2002,4,180,198,110,105,152
2002,5,176,198,111,105,152
2002,6,183,198,111,105,152
2002,7,170,198,112,105,152
2002,8,164,199,112,105,152
2002,9,150,198,113,105,152
2002,10,130,198,113,105,152
2002,11,111,196,113,105,152
2002,12,100,194,114,105,152
2002,13,102,192,114,105,152
2002,14,125,190,114,105,152
2002,15,142,188,114,105,152
2002,16,147,186,115,105,152
2002,17,150,182,115,104,152
2002,18,150,178,115,104,152
2002,19,152,173,116,104,152
2002,20,166,168,116,104,152
2002,21,175,164,117,104,152
2002,22,167,160,117,104,152
2002,23,138,157,117,104,152
2003,0,94,74,97,150,153
2003,1,94,75,96,150,153
2003,2,92,76,95,150,153
2003,3,90,77,95,150,153
2003,4,89,78,94,150,153
2003,5,90,80,93,149,153
2003,6,89,81,93,149,153
2003,7,89,82,92,149,153
2003,8,89,83,91,149,153
2003,9,92,84,90,149,153
2003,10,94,86,90,149,153
2003,11,92,87,89,149,153
2003,12,94,89,88,149,153
2003,13,92,90,88,149,153
2003,14,94,91,87,148,153
2003,15,100,93,86,148,153
2003,16,100,94,86,148,153
2003,17,116,95,85,148,153
2003,18,117,96,84,148,153
2003,19,136,97,83,148,153
2003,20,150,99,83,148,153
2003,21,156,102,82,147,153
2003,22,156,104,82,147,153
2003,23,158,107,81,147,153
2004,0,150,127,118,159,160
2004,1,122,126,118,159,160
2004,2,108,125,119,159,160
2004,3,100,125,119,159,160
2004,4,89,124,119,159,160
2004,5,97,124,119,159,160
2004,6,100,125,119,159,160
2004,7,106,126,119,159,160
2004,8,113,126,119,159,160
2004,9,117,127,119,159,160
2004,10,117,128,120,159,160
2004,11,118,129,120,158,160
2004,12,117,131,120,158,160
2004,13,108,131,120,158,160
2004,14,108,132,120,158,160
2004,15,106,132,121,158,160
2004,16,118,131,121,158,160
2004,17,139,130,121,158,160
2004,18,150,129,122,158,160
2004,19,158,128,122,158,160
2004,20,179,127,123,158,160
2004,21,178,127,123,158,160
2004,22,167,126,124,158,160
2004,23,166,126,125,158,160
2005,0,128,182,187,165,165
2005,1,125,177,187,164,165
2005,2,120,173,186,164,165
2005,3,117,169,186,164,165
2005,4,108,164,186,164,165
2005,5,103,160,186,164,165
2005,6,100,157,185,164,165
2005,7,83,152,185,164,165
2005,8,70,146,184,164,165
2005,9,67,140,184,164,165
2005,10,53,135,183,164,165
2005,11,47,130,183,164,165
2005,12,44,124,182,163,165
2005,13,52,120,182,163,165
2005,14,72,117,181,163,165
2005,15,83,114,181,163,165
2005,16,122,113,180,163,165
2005,17,147,111,180,163,165
2005,18,161,111,179,163,165
2005,19,186,110,179,163,165
2005,20,194,111,178,163,165
2005,21,194,111,178,163,165
2005,22,194,113,177,163,165
2005,23,170,114,177,163,165
2006,0,239,186,139,137,174
2006,1,225,188,140,137,174
2006,2,216,190,141,137,174
2006,3,211,192,142,138,174
2006,4,208,194,143,138,174
2006,5,200,196,144,138,174
2006,6,194,198,145,138,174
2006,7,194,201,146,138,174
2006,8,186,203,147,138,174
2006,9,178,205,148,138,174
2006,10,151,206,149,138,174
2006,11,116,205,150,139,174
2006,12,111,204,150,139,174
2006,13,125,204,151,139,174
2006,14,125,202,152,139,174
2006,15,122,200,152,139,174
2006,16,111,196,152,138,174
2006,17,118,191,152,138,174
2006,18,128,186,152,138,174
2006,19,153,182,152,138,174
2006,20,162,177,152,138,174
2006,21,167,173,152,138,174
2006,22,142,168,152,138,174
2006,23,125,163,152,138,174
2007,0,161,150,129,152,166
2007,1,133,150,129,152,166
2007,2,125,149,129,152,166
2007,3,128,149,129,152,165
2007,4,108,149,129,152,165
2007,5,108,149,129,151,165
2007,6,106,148,129,151,165
2007,7,97,148,129,151,165
2007,8,106,148,129,151,165
2007,9,100,148,129,151,165
2007,10,95,148,129,151,165
2007,11,110,148,129,151,165
2007,12,128,150,130,151,165
2007,13,136,152,130,151,165
2007,14,140,153,130,151,165
2007,15,150,154,130,151,165
2007,16,158,153,131,151,165
2007,17,200,152,131,151,165
2007,18,217,152,131,151,165
2007,19,253,153,132,151,165
2007,20,253,153,132,151,165
2007,21,250,153,132,151,165
2007,22,245,154,133,151,165
2007,23,222,155,133,151,166
2008,0,122,84,142,144,161
2008,1,116,84,142,144,161
2008,2,106,84,141,143,161
2008,3,100,84,141,143,161
2008,4,94,85,141,143,161
2008,5,92,86,140,143,161
2008,6,89,87,140,143,161
2008,7,89,89,140,143,161
2008,8,97,91,139,143,161
2008,9,100,94,139,143,161
2008,10,114,98,139,143,161
2008,11,114,101,139,142,161
2008,12,111,105,139,142,161
2008,13,92,108,139,142,161
2008,14,90,110,139,142,161
2008,15,94,112,138,142,161
2008,16,97,112,137,142,161
2008,17,100,112,136,142,161
2008,18,100,111,136,141,161
2008,19,100,109,135,141,161
2008,20,100,107,134,141,161
2008,21,100,104,133,141,161
2008,22,100,102,132,140,161
2008,23,100,101,131,140,161
2009,0,178,172,161,133,156
2009,1,162,171,161,134,156
2009,2,162,172,161,134,156
2009,3,167,173,161,134,156
2009,4,162,174,161,134,156
2009,5,156,175,161,134,156
2009,6,156,176,162,134,156
2009,7,139,176,162,134,156
2009,8,142,176,162,134,156
2009,9,144,176,162,135,156
2009,10,125,175,163,135,156
2009,11,126,174,163,135,156
2009,12,139,174,163,135,156
2009,13,140,174,164,135,156
2009,14,140,173,164,135,156
2009,15,139,172,164,135,156
2009,16,144,170,164,135,156
2009,17,158,168,164,136,156
2009,18,161,165,164,136,156
2009,19,142,161,164,136,156
2009,20,140,157,164,136,156
2009,21,144,153,163,136,156
2009,22,147,150,163,136,156
2009,23,150,148,163,136,156
2010,0,189,169,122,154,158
2010,1,180,170,123,154,158
2010,2,175,170,123,154,158
2010,3,172,170,123,154,158
2010,4,167,171,123,154,158
2010,5,167,171,124,154,158
2010,6,167,172,124,154,158
2010,7,156,173,124,154,158
2010,8,153,173,125,154,158
2010,9,147,173,125,154,158
2010,10,142,174,126,154,158
2010,11,139,174,126,154,158
2010,12,139,175,127,154,158
2010,13,111,174,127,154,158
2010,14,125,174,128,154,158
2010,15,133,173,128,154,158
2010,16,138,172,128,154,158
2010,17,150,169,128,153,158
2010,18,156,167,128,153,158
2010,19,178,165,128,153,158
2010,20,183,163,127,153,158
2010,21,183,161,127,153,158
2010,22,188,160,127,153,158
2010,23,164,158,127,153,158
2011,0,100,82,111,144,171
2011,1,66,80,111,144,171
2011,2,64,79,111,143,171
2011,3,67,79,111,143,171
2011,4,53,79,111,143,171
2011,5,50,78,111,143,171
2011,6,50,78,111,143,171
2011,7,17,77,111,143,171
2011,8,20,76,111,143,171
2011,9,22,75,111,143,171
2011,10,30,75,111,142,171
2011,11,22,74,111,142,171
2011,12,17,73,111,142,171
2011,13,20,72,111,142,171
2011,14,47,71,111,142,171
2011,15,72,71,111,142,171
2011,16,114,72,112,142,171
2011,17,136,72,112,141,171
2011,18,144,73,112,141,171
2011,19,164,74,112,141,171
2011,20,167,76,113,141,171
2011,21,167,77,113,141,171
2011,22,158,78,113,141,171
2011,23,125,79,113,141,171
2012,0,239,210,146,161,175
2012,1,222,210,146,161,175
2012,2,214,210,146,162,175
2012,3,211,210,146,162,175
2012,4,214,210,147,162,175
2012,5,208,210,147,162,175
2012,6,206,211,147,162,175
2012,7,200,211,148,162,175
2012,8,192,212,148,162,175
2012,9,189,212,148,162,175
2012,10,180,213,149,162,175
2012,11,175,214,149,162,175
2012,12,172,215,150,162,175
2012,13,168,215,150,162,175
2012,14,178,215,151,162,175
2012,15,183,215,151,162,175
2012,16,200,214,152,162,175
2012,17,214,213,152,162,175
2012,18,222,212,152,162,175
2012,19,234,211,153,162,175
2012,20,242,210,153,162,175
2012,21,244,209,153,162,175
2012,22,233,208,154,162,175
2012,23,228,207,154,162,175
2013,0,139,133,118,142,159
2013,1,136,133,119,142,159
2013,2,125,132,119,142,159
2013,3,117,132,119,142,159
2013,4,125,132,120,142,159
2013,5,116,132,120,142,159
2013,6,111,131,120,142,159
2013,7,120,132,121,142,159
2013,8,114,133,121,142,159
2013,9,111,134,122,141,159
2013,10,120,136,122,141,159
2013,11,122,137,122,141,159
2013,12,122,139,123,141,159
2013,13,122,140,123,141,159
2013,14,126,141,123,141,159
2013,15,128,141,123,141,159
2013,16,136,140,123,141,159
2013,17,140,139,123,140,159
2013,18,144,137,123,140,159
2013,19,166,136,123,140,159
2013,20,175,135,123,140,159
2013,21,178,135,124,140,159
2013,22,170,134,124,140,159
2013,23,144,134,124,139,159
2014,0,194,112,124,160,155
2014,1,164,115,124,160,155
2014,2,156,119,124,160,155
2014,3,150,121,124,160,155
2014,4,136,125,124,160,155
2014,5,130,128,124,160,155
2014,6,133,132,124,160,155
2014,7,116,135,124,160,155
2014,8,116,139,124,160,155
2014,9,122,143,124,160,155
2014,10,136,147,124,160,155
2014,11,136,152,124,160,155
2014,12,128,156,124,160,155
2014,13,130,160,124,160,155
2014,14,150,162,124,161,155
2014,15,167,165,124,161,155
2014,16,200,167,124,161,155
2014,17,222,168,125,161,155
2014,18,233,169,125,161,155
2014,19,253,170,125,161,155
2014,20,258,171,126,161,155
2014,21,261,172,126,162,155
2014,22,252,173,127,162,155
2014,23,233,174,127,162,155
2015,0,133,110,146,165,161
2015,1,125,110,146,165,161
2015,2,114,110,146,165,161
2015,3,106,111,146,165,161
2015,4,108,112,146,165,161
2015,5,103,113,146,165,161
2015,6,100,114,145,165,161
2015,7,89,115,145,164,161
2015,8,92,116,145,164,161
2015,9,94,118,144,164,161
2015,10,100,120,144,164,161
2015,11,97,122,144,164,161
2015,12,94,123,144,164,161
2015,13,98,125,143,164,161
2015,14,120,127,143,164,161
2015,15,133,128,143,164,161
2015,16,178,130,143,164,161
2015,17,198,131,143,164,161
2015,18,206,132,143,163,161
2015,19,220,134,143,163,161
2015,20,211,135,143,163,161
2015,21,200,135,142,163,161
2015,22,197,136,142,163,161
2015,23,188,138,142,163,161
2016,0,139,142,164,189,172
2016,1,117,140,163,189,172
2016,2,100,138,163,189,172
2016,3,94,136,162,189,172
2016,4,89,134,161,189,172
2016,5,86,132,161,188,172
2016,6,89,130,160,188,172
2016,7,83,128,160,188,172
2016,8,66,126,159,188,172
2016,9,50,123,158,188,172
2016,10,36,119,158,188,172
2016,11,52,117,157,188,172
2016,12,72,115,156,188,172
2016,13,36,112,156,188,172
2016,14,78,110,155,187,172
2016,15,106,110,155,187,172
2016,16,156,111,155,187,172
2016,17,178,112,155,187,172
2016,18,183,113,155,187,172
2016,19,203,113,155,187,172
2016,20,208,114,155,187,172
2016,21,211,115,155,187,172
2016,22,186,116,154,186,172
2016,23,156,116,154,186,172
2017,0,106,56,97,132,165
2017,1,102,58,97,132,165
2017,2,86,60,97,132,165
2017,3,78,62,97,132,165
2017,4,64,64,96,132,165
2017,5,56,65,96,132,165
2017,6,56,67,96,132,165
2017,7,50,69,95,132,165
2017,8,50,71,95,132,165
2017,9,50,73,95,132,165
2017,10,47,75,94,132,165
2017,11,38,77,94,132,165
2017,12,33,78,94,132,165
2017,13,25,79,93,132,165
2017,14,56,81,93,132,165
2017,15,67,81,93,132,165
2017,16,106,82,93,131,165
2017,17,122,82,93,131,164
2017,18,128,83,93,131,164
2017,19,147,83,93,131,164
2017,20,156,84,94,131,164
2017,21,161,85,94,131,164
2017,22,152,86,94,131,164
2017,23,128,86,94,131,164
2018,0,61,49,102,118,157
2018,1,36,48,101,117,157
2018,2,20,47,101,117,157
2018,3,11,46,100,117,157
2018,4,-8,44,100,117,157
2018,5,-16,42,100,117,157
2018,6,-22,39,99,117,157
2018,7,-38,37,98,116,157
2018,8,-47,34,98,116,157
2018,9,-50,30,97,116,157
2018,10,-58,27,96,116,157
2018,11,-61,23,95,116,157
2018,12,-61,19,95,115,157
2018,13,-56,16,94,115,157
2018,14,-42,14,93,115,157
2018,15,-33,12,92,115,157
2018,16,11,10,91,115,156
2018,17,39,9,90,115,156
2018,18,50,8,90,114,156
2018,19,84,7,89,114,156
2018,20,92,7,89,114,156
2018,21,94,7,88,114,156
2018,22,100,7,87,114,156
2018,23,83,8,87,114,156
2019,0,133,80,91,101,149
2019,1,108,82,91,101,149
2019,2,106,85,91,101,149
2019,3,106,88,92,101,149
2019,4,94,91,92,101,149
2019,5,84,94,92,101,149
2019,6,78,96,93,101,149
2019,7,83,99,93,101,149
2019,8,80,102,94,101,149
2019,9,78,105,94,101,149
2019,10,75,107,95,101,149
2019,11,72,110,95,101,149
2019,12,72,113,95,101,149
2019,13,72,115,96,101,149
2019,14,94,117,96,101,149
2019,15,106,118,96,101,149
2019,16,156,120,96,101,149
2019,17,183,121,97,102,149
2019,18,194,122,97,102,149
2019,19,222,124,97,102,149
2019,20,220,124,97,102,149
2019,21,217,124,97,102,149
2019,22,214,125,97,102,149
2019,23,195,127,98,102,149
2020,0,194,184,159,129,155
2020,1,180,184,159,129,155
2020,2,178,184,160,129,155
2020,3,178,185,160,129,155
2020,4,175,185,161,129,155
2020,5,178,185,162,129,155
2020,6,178,186,162,129,155
2020,7,178,187,163,129,155
2020,8,183,187,164,129,155
2020,9,183,188,164,129,155
2020,10,172,188,165,129,155
2020,11,170,188,166,129,155
2020,12,172,188,166,129,155
2020,13,75,183,166,129,155
2020,14,72,178,166,128,155
2020,15,72,174,166,128,155
2020,16,84,169,165,128,155
2020,17,100,164,164,128,155
2020,18,111,161,164,128,155
2020,19,125,158,163,127,155
2020,20,134,155,163,127,155
2020,21,139,152,162,127,155
2020,22,130,148,161,126,155
2020,23,111,145,161,126,155
2021,0,161,159,112,146,153
2021,1,156,158,113,146,153
2021,2,139,157,113,146,153
2021,3,128,155,114,146,153
2021,4,136,155,114,146,153
2021,5,136,154,115,146,153
2021,6,139,154,115,146,153
2021,7,142,154,116,146,153
2021,8,142,154,116,146,153
2021,9,144,154,117,146,153
2021,10,150,154,117,146,153
2021,11,150,155,118,146,153
2021,12,150,155,118,146,153
2021,13,153,156,119,146,153
2021,14,163,157,119,146,153
2021,15,167,158,120,146,153
2021,16,178,158,121,146,153
2021,17,183,159,121,146,153
2021,18,183,159,122,146,153
2021,19,200,160,123,146,153
2021,20,200,160,123,146,153
2021,21,200,161,124,146,153
2021,22,197,161,125,146,153
2021,23,192,162,125,146,153
2022,0,217,210,157,156,168
2022,1,208,211,157,156,168
2022,2,203,211,158,156,168
2022,3,200,211,158,156,168
2022,4,194,211,158,156,168
2022,5,192,211,158,156,168
2022,6,194,211,159,156,168
2022,7,194,211,159,156,168
2022,8,192,210,159,156,168
2022,9,189,210,160,157,168
2022,10,183,210,160,157,168
2022,11,183,210,160,157,168
2022,12,183,210,160,157,168
2022,13,179,209,160,157,168
2022,14,184,209,160,157,168
2022,15,189,208,160,157,168
2022,16,183,207,160,157,168
2022,17,192,205,160,157,168
2022,18,194,203,160,157,168
2022,19,197,201,160,157,168
2022,20,200,198,160,156,168
2022,21,200,196,160,156,168
2022,22,118,191,159,156,168
2022,23,103,186,158,156,168
2023,0,122,128,166,148,160
2023,1,120,126,166,147,160
2023,2,114,124,166,147,160
2023,3,111,122,166,147,160
2023,4,103,120,166,147,160
2023,5,97,117,167,147,160
2023,6,94,115,167,147,160
2023,7,89,113,167,147,160
2023,8,80,111,167,146,160
2023,9,72,109,167,146,160
2023,10,38,106,167,146,160
2023,11,30,102,167,146,160
2023,12,28,98,167,146,160
2023,13,47,96,167,146,160
2023,14,75,94,167,145,160
2023,15,89,93,167,145,160
2023,16,130,94,167,145,160
2023,17,148,96,166,145,160
2023,18,156,98,166,145,160
2023,19,166,100,166,145,160
2023,20,172,102,166,145,160
2023,21,172,104,165,144,160
2023,22,164,106,165,144,160
2023,23,136,106,165,144,160
2024,0,128,111,140,177,172
2024,1,108,109,140,176,172
2024,2,98,107,139,176,172
2024,3,89,106,139,176,172
2024,4,84,105,138,176,172
2024,5,78,104,138,176,172
2024,6,78,104,137,175,172
2024,7,83,105,136,175,172
2024,8,83,106,136,175,172
2024,9,83,107,136,175,172
2024,10,92,109,135,175,172
2024,11,86,111,135,175,172
2024,12,78,113,134,174,172
2024,13,70,113,134,174,172
2024,14,94,114,133,174,172
2024,15,111,115,133,174,172
2024,16,156,115,133,174,172
2024,17,170,116,133,174,172
2024,18,178,117,133,173,172
2024,19,194,118,133,173,172
2024,20,203,119,133,173,172
2024,21,206,120,133,173,172
2024,22,198,121,133,173,172
2024,23,178,122,133,173,172
2025,0,61,85,148,165,162
2025,1,44,81,147,165,162
2025,2,30,77,147,165,162
2025,3,22,73,146,164,162
2025,4,22,69,146,164,162
2025,5,5,65,145,164,162
2025,6,-17,60,144,164,162
2025,7,-20,55,144,163,162
2025,8,-33,51,143,163,162
2025,9,-44,46,142,163,162
2025,10,-28,41,142,163,162
2025,11,-25,38,141,162,162
2025,12,-22,34,141,162,162
2025,13,-16,31,140,162,162
2025,14,3,29,139,162,162
2025,15,17,27,139,161,162
2025,16,44,26,138,161,162
2025,17,58,25,137,161,162
2025,18,67,25,136,160,162
2025,19,80,24,135,160,162
2025,20,92,24,134,160,162
2025,21,94,25,133,160,162
2025,22,92,25,132,159,162
2025,23,72,25,131,159,162
