year,hour,obs,D1,D7,D30,D365
1967,0,,,,,
1967,1,,,,,
1967,2,,,,,
1967,3,,,,,
1967,4,,,,,
1967,5,,,,,
1967,6,,,,,
1967,7,,,,,
1967,8,,,,,
1967,9,,,,,
1967,10,,,,,
1967,11,,,,,
1967,12,,,,,
1967,13,,,,,
1967,14,,,,,
1967,15,,,,,
1967,16,,,,,
1967,17,,,,,
1967,18,,,,,
1967,19,,,,,
1967,20,,,,,
1967,21,,,,,
1967,22,,,,,
1967,23,,,,,
1968,0,,,,,
1968,1,,,,,
1968,2,,,,,
1968,3,,,,,
1968,4,,,,,
1968,5,,,,,
1968,6,,,,,
1968,7,,,,,
1968,8,,,,,
1968,9,,,,,
1968,10,,,,,
1968,11,,,,,
1968,12,,,,,
1968,13,,,,,
1968,14,,,,,
1968,15,,,,,
1968,16,,,,,
1968,17,,,,,
1968,18,,,,,
1968,19,,,,,
1968,20,,,,,
1968,21,,,,,
1968,22,,,,,
1968,23,,,,,
1969,0,,,,,
1969,1,,,,,
1969,2,,,,,
1969,3,,,,,
1969,4,,,,,
1969,5,,,,,
1969,6,,,,,
1969,7,,,,,
1969,8,,,,,
1969,9,,,,,
1969,10,,,,,
1969,11,,,,,
1969,12,,,,,
1969,13,,,,,
1969,14,,,,,
1969,15,,,,,
1969,16,,,,,
1969,17,,,,,
1969,18,,,,,
1969,19,,,,,
1969,20,,,,,
1969,21,,,,,
1969,22,,,,,
1969,23,,,,,
1970,0,211,129,116,132,
1970,1,183,132,117,133,
1970,2,144,134,116,133,
1970,3,156,137,116,133,
1970,4,144,139,116,133,
1970,5,133,142,116,133,
1970,6,128,143,116,133,
1970,7,117,144,116,133,
1970,8,111,145,115,133,
1970,9,106,147,115,133,
1970,10,94,149,115,133,
1970,11,100,150,115,133,
1970,12,89,152,115,133,
1970,13,100,153,115,133,
1970,14,144,155,115,133,
1970,15,178,156,116,133,
1970,16,200,158,117,133,
1970,17,217,160,117,134,
1970,18,222,161,118,134,
1970,19,239,162,119,134,
1970,20,244,163,120,134,
1970,21,244,164,120,134,
1970,22,244,165,121,134,
1970,23,228,166,122,134,
1971,0,172,175,158,148,199
1971,1,172,172,158,148,199
1971,2,161,169,158,148,199
1971,3,161,167,158,148,199
1971,4,156,165,158,148,199
1971,5,144,163,158,148,199
1971,6,144,161,158,148,199
1971,7,133,160,158,149,199
1971,8,122,159,158,149,199
1971,9,122,158,158,149,199
1971,10,117,157,158,149,199
1971,11,117,156,158,149,199
1971,12,111,155,158,149,199
1971,13,111,154,158,149,199
1971,14,111,152,158,150,199
1971,15,117,150,158,150,199
1971,16,122,147,157,150,199
1971,17,128,144,157,150,199
1971,18,139,143,156,150,199
1971,19,139,142,156,150,198
1971,20,144,141,155,150,198
1971,21,150,140,155,150,198
1971,22,139,138,154,150,198
1971,23,133,136,154,150,198
1972,0,233,180,181,179,204
1972,1,211,181,181,179,204
1972,2,200,183,182,179,204
1972,3,189,184,182,179,204
1972,4,183,185,183,179,204
1972,5,183,187,183,179,204
1972,6,189,190,184,179,204
1972,7,167,192,184,179,204
1972,8,167,194,184,179,204
1972,9,178,197,185,179,204
1972,10,178,199,186,179,204
1972,11,167,201,186,179,204
1972,12,167,204,187,179,204
1972,13,183,207,187,179,204
1972,14,206,209,188,179,204
1972,15,217,210,188,179,204
1972,16,222,210,188,179,204
1972,17,228,209,188,179,204
1972,18,233,209,188,179,204
1972,19,239,208,187,179,204
1972,20,239,207,187,179,204
1972,21,239,205,187,179,204
1972,22,228,204,186,179,204
1972,23,228,203,186,179,204
1973,0,180,177,153,161,190
1973,1,177,177,154,161,190
1973,2,177,177,154,161,190
1973,3,172,177,154,161,190
1973,4,172,177,155,162,190
1973,5,172,176,156,162,190
1973,6,180,177,156,162,190
1973,7,177,177,157,162,190
1973,8,177,177,158,162,190
1973,9,183,178,159,162,190
1973,10,188,178,159,162,190
1973,11,188,179,160,162,190
1973,12,190,179,161,163,190
1973,13,200,180,162,163,190
1973,14,206,181,163,163,190
1973,15,211,182,164,163,190
1973,16,211,183,164,163,190
1973,17,200,184,164,163,190
1973,18,200,185,164,164,190
1973,19,211,187,164,164,190
1973,20,222,189,164,164,190
1973,21,255,192,165,164,190
1973,22,255,195,165,164,190
1973,23,250,198,165,165,190
1974,0,239,194,185,180,202
1974,1,189,195,185,180,202
1974,2,167,196,185,180,202
1974,3,133,195,185,180,202
1974,4,117,193,185,180,202
1974,5,100,191,185,180,202
1974,6,83,188,184,180,202
1974,7,72,185,184,180,202
1974,8,67,182,184,180,202
1974,9,61,178,184,180,202
1974,10,61,175,183,180,202
1974,11,61,171,183,180,202
1974,12,56,167,183,180,202
1974,13,56,163,183,180,202
1974,14,56,158,182,180,202
1974,15,67,152,182,180,202
1974,16,67,146,181,180,202
1974,17,67,139,180,180,202
1974,18,70,132,179,180,202
1974,19,61,123,178,180,202
1974,20,61,115,177,180,202
1974,21,56,106,176,180,202
1974,22,50,96,174,179,202
1974,23,50,86,173,179,202
1975,0,233,228,186,159,201
1975,1,228,228,186,159,201
1975,2,217,228,187,159,201
1975,3,217,228,187,159,201
1975,4,211,228,188,159,201
1975,5,194,226,188,159,201
1975,6,194,225,189,159,201
1975,7,189,223,189,159,201
1975,8,172,221,190,159,201
1975,9,161,218,190,159,201
1975,10,150,215,190,159,201
1975,11,144,212,190,159,201
1975,12,128,208,190,159,201
1975,13,128,205,190,159,201
1975,14,156,202,191,159,201
1975,15,200,201,191,159,201
1975,16,200,199,191,158,201
1975,17,211,198,191,158,201
1975,18,228,197,192,158,201
1975,19,239,197,192,158,201
1975,20,239,198,193,158,201
1975,21,244,198,193,158,201
1975,22,250,199,194,158,201
1975,23,239,199,194,158,201
1976,0,189,147,161,156,195
1976,1,183,147,162,157,195
1976,2,178,148,162,157,195
1976,3,167,149,163,157,195
1976,4,150,150,163,157,195
1976,5,150,151,164,157,195
1976,6,144,153,164,158,195
1976,7,144,155,165,158,195
1976,8,150,158,166,158,195
1976,9,150,161,167,158,195
1976,10,144,164,167,158,195
1976,11,144,166,168,159,195
1976,12,140,169,169,159,195
1976,13,150,173,170,159,195
1976,14,161,174,170,159,195
1976,15,172,175,171,159,195
1976,16,189,175,171,159,195
1976,17,211,175,171,160,195
1976,18,217,175,171,160,195
1976,19,217,175,172,160,195
1976,20,206,174,172,160,195
1976,21,200,173,172,160,195
1976,22,206,173,172,160,195
1976,23,206,174,172,160,195
1977,0,167,111,180,157,178
1977,1,150,112,180,157,178
1977,2,150,114,179,157,178
1977,3,144,116,179,157,178
1977,4,144,119,179,157,178
1977,5,139,122,178,157,178
1977,6,144,126,178,157,178
1977,7,144,130,178,157,178
1977,8,144,135,177,157,178
1977,9,144,139,177,157,178
1977,10,139,144,177,157,178
1977,11,144,148,177,157,178
1977,12,128,153,176,157,178
1977,13,128,157,176,157,178
1977,14,128,159,176,157,178
1977,15,130,159,175,157,178
1977,16,133,158,174,157,178
1977,17,133,156,174,157,178
1977,18,133,154,173,157,178
1977,19,133,151,172,157,178
1977,20,,148,172,157,178
1977,21,133,145,171,156,178
1977,22,133,142,171,156,178
1977,23,133,139,170,156,178
1978,0,206,189,172,134,189
1978,1,206,190,172,134,189
1978,2,200,191,173,134,189
1978,3,200,191,174,135,189
1978,4,194,193,175,135,189
1978,5,194,194,175,135,189
1978,6,194,195,176,136,189
1978,7,189,195,177,136,189
1978,8,167,195,178,136,189
1978,9,167,195,179,137,189
1978,10,161,194,180,137,189
1978,11,161,193,181,137,189
1978,12,150,192,182,137,189
1978,13,128,190,183,138,189
1978,14,117,187,183,138,189
1978,15,122,184,183,138,189
1978,16,133,182,183,138,189
1978,17,144,180,183,138,189
1978,18,156,178,182,138,189
1978,19,167,176,182,138,189
1978,20,167,173,182,138,189
1978,21,172,171,182,138,189
1978,22,167,170,181,138,189
1978,23,167,168,181,138,189
1979,0,167,151,189,156,194
1979,1,150,150,189,156,194
1979,2,111,149,189,156,194
1979,3,94,148,189,156,194
1979,4,94,146,189,156,194
1979,5,106,146,188,156,194
1979,6,83,144,188,156,194
1979,7,67,141,188,155,194
1979,8,72,138,187,155,194
1979,9,61,134,187,155,194
1979,10,56,130,186,155,194
1979,11,56,126,186,155,194
1979,12,44,122,185,154,194
1979,13,56,119,184,154,194
1979,14,106,119,184,154,194
1979,15,122,118,184,154,194
1979,16,144,118,183,154,194
1979,17,156,118,183,154,194
1979,18,156,117,183,154,194
1979,19,172,117,183,154,194
1979,20,189,117,182,154,194
1979,21,189,117,182,154,194
1979,22,189,117,182,153,194
1979,23,183,118,182,153,194
1980,0,222,194,166,159,193
1980,1,222,196,166,159,193
1980,2,222,198,166,159,193
1980,3,222,200,166,159,193
1980,4,222,202,166,159,193
1980,5,217,204,166,159,193
1980,6,206,206,166,159,193
1980,7,200,207,166,159,193
1980,8,194,207,165,159,193
1980,9,183,207,165,159,193
1980,10,167,207,165,159,193
1980,11,144,206,164,159,193
1980,12,133,203,164,159,193
1980,13,122,200,163,159,193
1980,14,117,197,163,159,193
1980,15,133,194,162,159,193
1980,16,144,191,162,159,193
1980,17,167,190,163,159,193
1980,18,178,188,163,159,193
1980,19,194,187,163,159,193
1980,20,200,186,163,159,193
1980,21,206,186,163,159,193
1980,22,206,185,163,159,193
1980,23,211,185,164,158,193
1981,0,200,147,154,158,205
1981,1,156,148,154,158,205
1981,2,128,147,153,158,205
1981,3,111,146,153,158,205
1981,4,111,145,153,158,205
1981,5,100,145,153,158,205
1981,6,100,144,153,158,205
1981,7,89,142,153,158,205
1981,8,83,140,153,157,205
1981,9,78,139,153,157,205
1981,10,72,138,153,157,205
1981,11,67,137,153,157,205
1981,12,56,137,153,157,205
1981,13,61,136,152,157,205
1981,14,111,136,152,157,205
1981,15,156,136,152,157,205
1981,16,183,137,152,157,205
1981,17,200,138,152,157,205
1981,18,206,138,152,157,205
1981,19,222,139,152,157,205
1981,20,228,140,152,157,205
1981,21,233,141,152,157,205
1981,22,233,141,152,157,205
1981,23,217,142,152,157,205
1982,0,150,142,219,171,209
1982,1,150,140,218,171,209
1982,2,150,140,218,171,209
1982,3,150,140,217,171,209
1982,4,156,141,217,171,209
1982,5,156,142,216,171,209
1982,6,156,142,216,171,209
1982,7,156,143,216,171,209
1982,8,156,144,215,171,209
1982,9,150,145,215,171,210
1982,10,150,146,214,171,210
1982,11,150,146,214,171,210
1982,12,150,147,214,171,210
1982,13,156,149,213,171,210
1982,14,156,150,213,171,210
1982,15,167,151,212,171,210
1982,16,172,151,212,171,210
1982,17,194,154,212,171,210
1982,18,217,157,211,171,210
1982,19,217,160,211,171,210
1982,20,217,163,211,171,210
1982,21,233,167,210,171,210
1982,22,233,170,210,171,210
1982,23,228,174,210,171,210
1983,0,106,121,113,140,201
1983,1,100,120,113,140,201
1983,2,94,118,112,140,201
1983,3,83,116,112,140,201
1983,4,89,114,112,140,201
1983,5,83,112,111,140,201
1983,6,83,111,111,140,201
1983,7,89,109,111,140,201
1983,8,94,108,110,140,201
1983,9,89,106,110,140,201
1983,10,89,105,110,140,201
1983,11,83,103,110,140,201
1983,12,83,101,110,140,201
1983,13,83,99,110,140,201
1983,14,89,96,109,140,201
1983,15,89,93,109,140,201
1983,16,94,93,109,140,201
1983,17,117,93,109,140,201
1983,18,117,94,109,140,201
1983,19,122,95,109,140,201
1983,20,133,96,109,140,201
1983,21,133,98,109,140,201
1983,22,133,99,109,140,201
1983,23,133,100,109,140,201
1984,0,194,190,173,149,190
1984,1,178,190,173,149,190
1984,2,178,190,172,149,190
1984,3,178,190,172,149,190
1984,4,167,189,172,149,190
1984,5,167,189,172,150,190
1984,6,144,187,171,150,190
1984,7,156,186,171,150,190
1984,8,156,185,171,150,190
1984,9,150,184,170,150,190
1984,10,133,182,170,150,190
1984,11,122,179,169,150,190
1984,12,117,177,169,150,190
1984,13,111,174,168,150,190
1984,14,106,170,168,150,190
1984,15,100,167,167,150,190
1984,16,78,163,166,150,190
1984,17,128,160,166,150,190
1984,18,156,158,165,150,190
1984,19,183,156,165,150,190
1984,20,200,155,165,150,190
1984,21,206,155,165,150,190
1984,22,206,155,165,150,190
1984,23,200,155,164,150,190
1985,0,222,169,153,166,200
1985,1,194,170,154,166,200
1985,2,189,171,154,166,200
1985,3,156,172,154,166,200
1985,4,161,172,154,166,200
1985,5,139,172,154,166,200
1985,6,144,172,154,166,200
1985,7,133,173,154,166,200
1985,8,117,173,154,166,200
1985,9,100,171,154,165,200
1985,10,94,170,154,165,200
1985,11,89,169,154,165,200
1985,12,78,167,154,165,200
1985,13,78,165,154,165,200
1985,14,128,165,154,165,200
1985,15,167,164,154,165,200
1985,16,200,164,154,165,200
1985,17,217,165,155,165,200
1985,18,228,165,155,165,200
1985,19,239,166,155,165,200
1985,20,250,167,156,165,200
1985,21,250,168,156,165,200
1985,22,256,169,156,165,200
1985,23,250,170,157,165,200
1986,0,189,145,155,166,209
1986,1,167,146,154,166,209
1986,2,156,147,154,167,209
1986,3,150,148,154,166,209
1986,4,139,149,153,167,209
1986,5,133,150,153,167,209
1986,6,111,150,153,167,209
1986,7,100,150,153,167,209
1986,8,100,150,153,167,209
1986,9,100,150,153,167,209
1986,10,94,150,152,167,209
1986,11,94,150,152,167,209
1986,12,89,151,152,167,209
1986,13,83,151,151,167,209
1986,14,133,151,151,167,209
1986,15,167,151,151,167,209
1986,16,189,152,151,167,209
1986,17,206,153,151,167,209
1986,18,211,153,150,167,209
1986,19,222,154,150,167,209
1986,20,222,154,150,167,209
1986,21,222,154,150,167,209
1986,22,222,154,150,168,209
1986,23,217,155,150,168,209
1987,0,217,195,187,148,204
1987,1,178,194,187,149,204
1987,2,189,194,187,149,204
1987,3,172,193,187,149,204
1987,4,161,191,187,149,204
1987,5,133,188,186,149,204
1987,6,122,185,186,149,204
1987,7,111,182,185,149,204
1987,8,89,178,184,149,204
1987,9,94,173,184,149,204
1987,10,83,168,183,149,204
1987,11,67,163,182,149,204
1987,12,61,157,181,149,204
1987,13,72,152,181,149,204
1987,14,94,146,181,149,204
1987,15,111,142,180,149,204
1987,16,128,141,180,149,204
1987,17,150,141,180,149,204
1987,18,172,142,180,149,204
1987,19,187,143,180,149,204
1987,20,,142,179,149,204
1987,21,217,142,179,149,204
1987,22,211,141,179,149,204
1987,23,211,140,179,149,204
1988,0,217,195,139,152,198
1988,1,200,195,139,152,198
1988,2,194,196,140,152,198
1988,3,200,197,140,152,198
1988,4,194,198,141,152,198
1988,5,189,199,141,152,198
1988,6,189,200,142,152,198
1988,7,194,201,142,153,198
1988,8,194,202,142,153,198
1988,9,194,202,143,153,198
1988,10,200,204,143,153,198
1988,11,200,205,144,153,198
1988,12,200,205,144,153,198
1988,13,206,207,144,153,198
1988,14,206,208,145,153,198
1988,15,211,208,145,153,198
1988,16,217,209,145,153,198
1988,17,239,209,146,153,198
1988,18,256,211,146,153,198
1988,19,261,212,147,153,198
1988,20,267,213,147,153,198
1988,21,261,214,148,153,198
1988,22,261,216,148,153,198
1988,23,244,216,149,153,198
1989,0,211,102,167,137,208
1989,1,167,106,167,137,208
1989,2,144,109,167,137,208
1989,3,150,112,166,137,208
1989,4,133,115,166,137,208
1989,5,133,119,166,138,208
1989,6,117,122,165,138,207
1989,7,100,125,165,138,207
1989,8,89,127,164,138,207
1989,9,80,129,164,138,207
1989,10,72,130,163,138,207
1989,11,67,132,162,138,207
1989,12,61,134,162,138,207
1989,13,61,135,161,138,207
1989,14,106,136,160,138,207
1989,15,156,139,160,138,207
1989,16,183,141,159,138,207
1989,17,200,143,159,138,207
1989,18,211,145,159,138,207
1989,19,222,146,159,138,207
1989,20,233,148,158,139,207
1989,21,233,148,158,139,207
1989,22,228,149,158,139,207
1989,23,222,149,158,139,207
1990,0,217,179,154,163,202
1990,1,200,179,154,164,202
1990,2,189,179,154,164,202
1990,3,183,179,154,164,202
1990,4,178,180,155,164,202
1990,5,172,180,155,164,202
1990,6,167,181,155,164,202
1990,7,167,183,155,164,202
1990,8,167,185,156,164,202
1990,9,167,187,156,164,202
1990,10,161,188,157,165,202
1990,11,144,189,157,165,202
1990,12,156,190,157,165,202
1990,13,156,191,158,165,202
1990,14,172,192,158,165,202
1990,15,194,194,159,165,202
1990,16,217,194,159,165,202
1990,17,239,195,159,165,202
1990,18,244,196,159,165,202
1990,19,233,195,159,165,203
1990,20,244,195,160,166,203
1990,21,244,195,160,166,203
1990,22,239,195,160,166,203
1990,23,228,195,160,166,203
1991,0,211,170,184,157,206
1991,1,178,169,184,157,206
1991,2,156,168,184,157,206
1991,3,156,167,184,157,206
1991,4,139,167,184,157,206
1991,5,133,166,183,157,206
1991,6,139,166,183,157,206
1991,7,122,166,183,157,206
1991,8,122,167,183,157,206
1991,9,117,166,182,157,206
1991,10,117,166,182,157,206
1991,11,117,166,182,157,206
1991,12,117,166,182,157,206
1991,13,122,166,181,157,206
1991,14,144,167,181,157,206
1991,15,183,168,181,157,206
1991,16,228,171,182,158,206
1991,17,250,173,182,158,206
1991,18,256,174,182,158,206
1991,19,261,175,182,158,206
1991,20,261,175,182,158,206
1991,21,261,177,183,159,206
1991,22,261,178,183,159,206
1991,23,256,179,183,159,206
1992,0,172,114,174,167,205
1992,1,133,114,174,167,205
1992,2,122,114,174,167,205
1992,3,100,113,173,167,205
1992,4,106,113,173,167,205
1992,5,111,113,172,167,205
1992,6,100,113,172,166,205
1992,7,89,113,171,166,205
1992,8,78,113,170,166,205
1992,9,72,113,170,166,205
1992,10,72,114,169,166,205
1992,11,83,115,168,166,205
1992,12,83,116,168,166,205
1992,13,94,118,167,166,205
1992,14,111,121,167,166,205
1992,15,128,122,166,166,205
1992,16,150,125,166,166,205
1992,17,167,126,165,166,205
1992,18,183,128,165,166,205
1992,19,194,129,165,166,205
1992,20,200,130,165,166,205
1992,21,206,131,165,166,205
1992,22,206,131,165,166,205
1992,23,200,132,165,166,205
1993,0,194,163,165,144,199
1993,1,172,164,165,144,199
1993,2,167,164,165,144,199
1993,3,156,163,164,144,199
1993,4,128,162,164,144,199
1993,5,122,161,164,144,199
1993,6,122,159,163,144,199
1993,7,117,158,163,144,199
1993,8,122,156,163,144,199
1993,9,117,155,163,144,199
1993,10,117,153,162,144,199
1993,11,117,151,162,144,199
1993,12,117,150,162,144,199
1993,13,128,149,162,144,199
1993,14,144,149,162,144,199
1993,15,161,150,162,144,199
1993,16,189,152,162,144,199
1993,17,211,154,162,144,199
1993,18,211,156,162,144,199
1993,19,211,158,162,144,199
1993,20,222,160,162,144,199
1993,21,222,161,162,144,199
1993,22,222,162,162,144,199
1993,23,222,163,162,144,199
1994,0,256,226,200,160,202
1994,1,244,228,201,160,202
1994,2,233,229,201,160,202
1994,3,228,231,202,160,202
1994,4,222,232,202,160,202
1994,5,228,234,203,160,202
1994,6,222,235,203,160,203
1994,7,222,236,204,160,203
1994,8,222,236,205,160,203
1994,9,222,237,206,160,203
1994,10,222,238,207,160,203
1994,11,217,238,208,160,203
1994,12,222,238,208,160,203
1994,13,222,238,209,160,203
1994,14,228,239,210,160,203
1994,15,233,239,211,160,203
1994,16,239,240,211,160,203
1994,17,244,240,211,160,203
1994,18,256,240,211,160,203
1994,19,261,239,212,160,203
1994,20,267,239,212,160,203
1994,21,261,238,212,161,203
1994,22,250,237,212,161,203
1994,23,239,236,212,161,203
1995,0,272,246,214,163,211
1995,1,256,246,215,163,211
1995,2,239,245,215,163,211
1995,3,239,246,216,163,211
1995,4,228,246,216,163,211
1995,5,222,246,217,163,211
1995,6,217,245,217,163,211
1995,7,211,245,218,163,211
1995,8,211,245,218,163,211
1995,9,211,244,219,164,211
1995,10,211,244,220,164,211
1995,11,217,244,220,164,211
1995,12,217,244,221,164,211
1995,13,217,243,221,164,211
1995,14,222,243,222,165,211
1995,15,228,242,222,165,211
1995,16,228,241,222,165,211
1995,17,228,240,223,165,211
1995,18,233,239,223,165,211
1995,19,239,238,223,165,211
1995,20,239,236,223,165,211
1995,21,239,234,223,165,211
1995,22,250,232,223,165,211
1995,23,244,230,223,165,211
1996,0,200,180,148,152,208
1996,1,194,180,147,152,208
1996,2,183,180,147,151,208
1996,3,183,181,147,151,208
1996,4,178,181,147,151,208
1996,5,172,182,147,151,208
1996,6,172,183,147,151,208
1996,7,172,184,147,151,208
1996,8,178,185,147,151,208
1996,9,183,186,147,151,208
1996,10,189,188,147,151,208
1996,11,200,191,147,151,208
1996,12,200,194,147,151,208
1996,13,206,197,148,151,208
1996,14,211,199,148,151,208
1996,15,211,200,148,151,208
1996,16,233,201,148,151,208
1996,17,239,202,148,151,208
1996,18,233,202,148,151,208
1996,19,217,201,147,151,208
1996,20,206,200,147,151,208
1996,21,206,199,147,151,208
1996,22,206,199,146,151,208
1996,23,211,199,146,151,208
1997,0,239,211,178,165,205
1997,1,202,210,179,165,205
1997,2,192,210,179,165,205
1997,3,184,210,180,165,205
1997,4,180,209,180,165,205
1997,5,183,208,180,165,205
1997,6,183,208,180,165,205
1997,7,178,207,181,166,205
1997,8,178,207,181,166,205
1997,9,180,207,181,166,205
1997,10,182,206,181,166,205
1997,11,182,206,181,166,205
1997,12,178,206,181,166,205
1997,13,183,206,182,166,205
1997,14,202,206,182,167,205
1997,15,220,207,182,167,205
1997,16,234,209,182,167,205
1997,17,248,210,182,167,205
1997,18,256,211,182,167,205
1997,19,261,212,182,167,205
1997,20,261,212,182,167,205
1997,21,252,211,182,168,205
1997,22,244,210,182,168,205
1997,23,238,210,182,168,205
1998,0,217,152,145,136,193
1998,1,178,154,145,136,193
1998,2,164,156,145,136,193
1998,3,161,158,145,136,193
1998,4,158,160,145,136,193
1998,5,150,163,145,136,193
1998,6,144,165,145,136,193
1998,7,144,167,145,136,193
1998,8,138,169,145,136,193
1998,9,120,171,145,136,193
1998,10,106,172,145,136,193
1998,11,111,174,145,136,193
1998,12,117,176,146,136,193
1998,13,142,177,146,136,193
1998,14,178,179,146,137,193
1998,15,197,179,146,137,193
1998,16,220,180,146,137,193
1998,17,229,180,146,137,193
1998,18,244,180,146,137,193
1998,19,242,180,147,137,193
1998,20,247,180,147,137,193
1998,21,250,180,147,138,193
1998,22,244,180,147,138,193
1998,23,228,180,147,138,193
1999,0,228,192,181,170,217
1999,1,217,194,181,170,217
1999,2,214,195,181,170,217
1999,3,210,197,181,170,217
1999,4,205,199,182,171,217
1999,5,203,201,182,171,217
1999,6,200,203,182,171,217
1999,7,194,205,183,171,217
1999,8,194,207,183,171,217
1999,9,192,209,183,172,217
1999,10,184,210,183,172,217
1999,11,179,211,183,172,217
1999,12,178,211,183,172,217
1999,13,190,212,183,172,217
1999,14,202,212,183,173,217
1999,15,212,212,183,173,217
1999,16,228,212,183,173,217
1999,17,248,213,183,173,217
1999,18,256,214,183,173,217
1999,19,261,214,183,174,217
1999,20,264,215,184,174,217
1999,21,258,216,184,174,217
1999,22,250,216,184,174,217
1999,23,244,217,184,174,217
2000,0,222,207,174,181,211
2000,1,206,207,174,181,211
2000,2,197,207,174,181,211
2000,3,188,206,175,181,211
2000,4,183,206,175,181,211
2000,5,176,205,175,181,211
2000,6,172,205,174,181,211
2000,7,183,205,175,181,211
2000,8,188,205,175,181,211
2000,9,197,207,175,181,211
2000,10,194,209,175,181,211
2000,11,190,210,176,181,211
2000,12,183,210,176,181,211
2000,13,200,211,177,181,211
2000,14,214,211,177,181,211
2000,15,222,211,178,181,211
2000,16,244,211,178,181,211
2000,17,260,212,178,181,211
2000,18,272,213,178,181,211
2000,19,264,213,178,181,211
2000,20,260,213,179,181,211
2000,21,262,214,179,181,211
2000,22,267,216,180,181,211
2000,23,254,217,181,181,211
2001,0,211,169,132,149,200
2001,1,184,170,132,149,200
2001,2,170,170,133,149,200
2001,3,161,171,133,149,200
2001,4,158,172,133,149,200
2001,5,153,173,133,149,200
2001,6,150,174,134,149,200
2001,7,139,175,134,148,200
2001,8,140,176,134,148,200
2001,9,144,178,134,148,200
2001,10,150,180,134,148,200
2001,11,155,181,135,148,200
2001,12,156,183,135,149,200
2001,13,158,185,135,149,200
2001,14,160,185,136,149,200
2001,15,168,184,136,149,200
2001,16,186,183,136,149,200
2001,17,220,183,137,149,200
2001,18,233,183,138,149,200
2001,19,238,183,138,149,200
2001,20,228,182,138,149,200
2001,21,216,180,139,149,200
2001,22,208,179,139,149,200
2001,23,203,179,139,149,200
2002,0,172,120,185,143,201
2002,1,161,122,185,143,201
2002,2,156,124,185,143,201
2002,3,150,127,184,144,201
2002,4,147,129,184,144,201
2002,5,142,132,184,144,201
2002,6,139,135,183,144,201
2002,7,136,138,183,144,201
2002,8,139,141,183,144,201
2002,9,142,144,182,144,201
2002,10,144,147,182,144,201
2002,11,152,150,182,144,201
2002,12,161,154,181,144,201
2002,13,172,158,181,144,201
2002,14,195,162,181,144,201
2002,15,208,165,181,144,201
2002,16,210,168,180,144,201
2002,17,226,170,180,145,201
2002,18,228,172,180,145,201
2002,19,236,174,180,145,201
2002,20,239,175,180,145,201
2002,21,239,177,180,145,201
2002,22,236,179,179,145,201
2002,23,226,181,179,145,201
2003,0,222,150,165,144,204
2003,1,180,152,165,144,204
2003,2,172,153,165,144,204
2003,3,166,154,165,144,204
2003,4,156,156,165,144,204
2003,5,150,157,165,144,204
2003,6,150,159,165,144,204
2003,7,138,161,165,144,204
2003,8,128,162,165,144,204
2003,9,120,163,165,144,204
2003,10,114,164,165,144,204
2003,11,110,165,165,144,204
2003,12,106,165,164,144,204
2003,13,128,167,164,144,204
2003,14,164,168,164,144,204
2003,15,195,170,165,144,204
2003,16,214,171,165,144,204
2003,17,221,172,165,145,204
2003,18,222,173,165,145,204
2003,19,236,174,165,145,204
2003,20,242,175,165,145,204
2003,21,242,176,165,145,204
2003,22,234,176,165,145,204
2003,23,219,176,165,145,204
2004,0,194,164,201,176,209
2004,1,189,165,201,176,209
2004,2,184,167,201,176,209
2004,3,184,168,200,176,209
2004,4,186,170,200,176,209
2004,5,182,172,200,176,209
2004,6,178,174,200,176,209
2004,7,180,177,200,176,209
2004,8,172,179,200,176,209
2004,9,164,181,200,176,209
2004,10,161,182,200,176,209
2004,11,166,184,200,176,209
2004,12,167,186,200,176,209
2004,13,181,188,200,177,209
2004,14,194,190,200,177,209
2004,15,214,192,200,177,209
2004,16,214,192,200,177,209
2004,17,210,191,200,177,209
2004,18,211,191,200,177,209
2004,19,211,191,199,177,209
2004,20,206,190,199,177,209
2004,21,197,190,199,177,209
2004,22,200,189,198,177,209
2004,23,200,189,198,177,209
2005,0,228,169,167,155,211
2005,1,186,168,168,155,211
2005,2,180,167,168,155,211
2005,3,178,167,169,155,211
2005,4,170,167,170,155,211
2005,5,158,167,170,155,211
2005,6,150,167,171,155,211
2005,7,128,166,171,154,211
2005,8,125,166,172,154,211
2005,9,125,166,172,154,211
2005,10,130,167,173,154,211
2005,11,130,168,173,154,211
2005,12,128,169,174,154,211
2005,13,148,170,174,154,211
2005,14,178,173,175,154,211
2005,15,198,175,176,154,211
2005,16,212,177,176,154,211
2005,17,222,179,177,154,211
2005,18,228,181,177,154,211
2005,19,239,182,178,154,211
2005,20,239,183,178,154,211
2005,21,234,183,179,154,211
2005,22,225,182,179,154,211
2005,23,216,181,180,154,211
2006,0,78,98,173,185,213
2006,1,72,95,172,185,213
2006,2,72,93,171,185,213
2006,3,72,91,170,185,213
2006,4,72,90,170,185,213
2006,5,70,88,169,185,213
2006,6,67,87,168,185,213
2006,7,67,86,167,184,213
2006,8,64,84,166,184,213
2006,9,56,83,166,184,213
2006,10,44,82,165,184,213
2006,11,36,80,164,184,213
2006,12,33,78,163,184,213
2006,13,48,77,162,183,213
2006,14,67,76,161,183,213
2006,15,86,76,160,183,213
2006,16,100,76,160,183,213
2006,17,117,76,159,183,212
2006,18,128,77,158,183,212
2006,19,142,79,158,183,212
2006,20,150,81,157,182,212
2006,21,158,83,157,182,212
2006,22,161,85,156,182,212
2006,23,156,88,156,182,212
2007,0,222,219,201,177,209
2007,1,203,219,201,177,209
2007,2,197,218,201,177,209
2007,3,192,218,202,177,209
2007,4,189,217,202,177,209
2007,5,192,216,202,177,209
2007,6,194,216,203,177,209
2007,7,197,215,203,178,209
2007,8,200,215,204,178,209
2007,9,208,215,204,178,209
2007,10,211,216,205,178,209
2007,11,210,217,206,178,209
2007,12,211,218,206,178,209
2007,13,222,218,207,178,209
2007,14,228,219,207,178,209
2007,15,228,219,208,178,209
2007,16,230,219,208,178,209
2007,17,238,219,208,178,209
2007,18,240,218,209,178,209
2007,19,234,218,209,178,209
2007,20,240,217,209,178,209
2007,21,256,217,209,178,209
2007,22,252,218,209,178,209
2007,23,238,218,210,178,209
2008,0,183,176,183,160,210
2008,1,162,175,183,160,210
2008,2,153,174,182,161,210
2008,3,144,173,182,161,210
2008,4,134,172,182,161,210
2008,5,125,170,181,161,210
2008,6,122,169,181,161,210
2008,7,103,167,180,161,210
2008,8,94,164,179,161,210
2008,9,86,161,179,161,210
2008,10,80,158,178,161,210
2008,11,75,155,177,161,210
2008,12,72,152,176,161,210
2008,13,83,150,175,161,210
2008,14,108,147,175,161,210
2008,15,136,146,174,161,210
2008,16,158,144,174,161,210
2008,17,172,143,173,161,210
2008,18,178,142,173,161,210
2008,19,188,141,172,161,210
2008,20,192,139,172,161,210
2008,21,194,139,171,161,210
2008,22,197,139,171,161,210
2008,23,183,138,171,161,210
2009,0,233,220,180,165,211
2009,1,224,221,180,165,211
2009,2,221,222,181,165,211
2009,3,222,223,181,165,211
2009,4,222,224,182,166,211
2009,5,222,225,182,166,211
2009,6,222,226,183,166,211
2009,7,220,227,183,166,211
2009,8,217,227,184,166,211
2009,9,217,228,184,167,211
2009,10,214,229,185,167,211
2009,11,210,229,185,167,211
2009,12,211,229,186,167,211
2009,13,217,230,186,168,211
2009,14,222,230,187,168,211
2009,15,234,230,188,168,211
2009,16,242,230,188,168,211
2009,17,240,230,189,168,211
2009,18,244,229,189,168,211
2009,19,247,229,190,169,211
2009,20,242,228,190,169,211
2009,21,229,227,190,169,211
2009,22,244,227,190,169,211
2009,23,242,227,190,169,211
2010,0,200,138,130,131,202
2010,1,180,141,130,131,202
2010,2,164,143,130,131,202
2010,3,153,145,130,131,202
2010,4,147,148,131,131,202
2010,5,144,150,131,131,202
2010,6,144,151,131,131,202
2010,7,144,154,131,131,202
2010,8,144,157,131,131,202
2010,9,144,161,131,131,202
2010,10,138,164,132,131,202
2010,11,133,168,132,131,202
2010,12,133,171,132,131,202
2010,13,150,174,132,132,202
2010,14,170,175,133,132,202
2010,15,180,176,133,132,202
2010,16,178,175,133,132,202
2010,17,171,173,133,132,202
2010,18,172,171,133,132,202
2010,19,178,169,133,132,202
2010,20,175,167,133,132,202
2010,21,171,164,133,132,201
2010,22,167,162,132,132,201
2010,23,167,160,132,132,201
2011,0,283,241,223,189,213
2011,1,258,242,224,189,213
2011,2,244,243,224,189,213
2011,3,230,243,224,189,213
2011,4,220,243,224,189,213
2011,5,212,243,225,189,213
2011,6,206,242,225,189,213
2011,7,203,241,225,189,213
2011,8,200,241,225,189,213
2011,9,200,240,225,189,213
2011,10,188,239,225,189,213
2011,11,180,238,225,189,213
2011,12,178,237,225,189,213
2011,13,189,236,224,190,213
2011,14,211,235,225,190,213
2011,15,230,235,225,190,213
2011,16,244,235,225,190,213
2011,17,253,234,225,190,213
2011,18,256,234,225,190,213
2011,19,270,234,225,190,213
2011,20,272,233,225,190,213
2011,21,270,232,225,190,213
2011,22,258,231,225,190,213
2011,23,242,229,225,190,213
2012,0,256,199,211,194,225
2012,1,222,199,211,194,225
2012,2,216,199,211,194,225
2012,3,206,200,211,194,225
2012,4,192,201,211,194,225
2012,5,175,201,210,194,225
2012,6,167,201,210,194,225
2012,7,161,201,210,194,225
2012,8,161,201,210,194,225
2012,9,152,202,209,194,225
2012,10,147,202,209,194,225
2012,11,145,203,208,194,225
2012,12,150,203,208,194,225
2012,13,155,204,208,194,225
2012,14,183,205,207,194,225
2012,15,208,206,207,194,225
2012,16,233,207,207,194,225
2012,17,250,208,207,194,225
2012,18,256,209,207,194,225
2012,19,270,209,207,194,225
2012,20,280,209,207,194,225
2012,21,286,209,207,194,225
2012,22,283,209,208,194,225
2012,23,278,210,208,194,225
2013,0,228,208,209,159,216
2013,1,208,206,209,159,216
2013,2,202,205,209,159,216
2013,3,192,204,209,159,216
2013,4,194,203,209,159,216
2013,5,190,202,209,159,216
2013,6,189,201,209,159,216
2013,7,183,200,209,159,216
2013,8,182,199,209,159,216
2013,9,162,196,209,159,216
2013,10,148,194,209,159,216
2013,11,140,191,209,159,216
2013,12,133,190,208,159,216
2013,13,116,188,208,159,216
2013,14,114,185,207,159,216
2013,15,120,183,207,159,216
2013,16,130,180,206,159,216
2013,17,142,178,205,159,216
2013,18,144,175,205,159,216
2013,19,156,173,204,159,216
2013,20,158,171,203,159,216
2013,21,158,169,203,159,216
2013,22,156,166,202,159,216
2013,23,148,162,202,159,216
2014,0,144,181,172,143,200
2014,1,136,177,173,143,200
2014,2,132,173,173,143,200
2014,3,130,169,173,143,200
2014,4,125,165,173,143,200
2014,5,122,161,174,143,200
2014,6,122,157,174,143,200
2014,7,117,153,174,143,200
2014,8,117,149,174,144,200
2014,9,117,146,175,144,200
2014,10,118,142,175,144,200
2014,11,114,139,175,144,200
2014,12,111,137,176,144,200
2014,13,114,136,176,144,200
2014,14,120,134,176,144,200
2014,15,128,133,176,144,200
2014,16,136,132,177,144,200
2014,17,140,131,177,144,200
2014,18,139,131,177,143,200
2014,19,152,131,177,143,200
2014,20,167,132,177,143,200
2014,21,175,133,177,143,200
2014,22,172,133,177,143,200
2014,23,172,134,177,143,200
2015,0,239,188,204,137,202
2015,1,198,188,204,137,202
2015,2,184,188,204,137,202
2015,3,178,188,204,137,202
2015,4,172,188,204,137,202
2015,5,164,188,204,137,202
2015,6,161,188,204,137,202
2015,7,156,189,204,137,202
2015,8,153,189,204,136,202
2015,9,150,190,204,136,202
2015,10,144,190,203,136,202
2015,11,130,190,203,136,202
2015,12,122,190,203,136,202
2015,13,144,190,202,136,202
2015,14,180,191,202,136,202
2015,15,202,192,202,136,202
2015,16,214,193,202,136,202
2015,17,225,193,202,136,202
2015,18,233,193,202,136,202
2015,19,247,193,202,136,202
2015,20,253,192,202,136,202
2015,21,258,192,202,136,202
2015,22,252,192,202,136,202
2015,23,233,191,202,136,202
2016,0,200,197,163,175,216
2016,1,197,197,163,175,216
2016,2,200,198,163,175,216
2016,3,203,199,163,175,216
2016,4,206,201,163,175,216
2016,5,206,202,163,175,216
2016,6,206,203,163,175,216
2016,7,206,204,163,175,216
2016,8,206,206,163,176,216
2016,9,200,206,164,176,216
2016,10,180,206,164,176,216
2016,11,130,204,163,176,216
2016,12,128,202,163,176,216
2016,13,130,200,162,175,216
2016,14,125,197,162,175,216
2016,15,125,193,161,175,216
2016,16,136,190,161,175,216
2016,17,148,186,160,175,216
2016,18,156,183,160,175,216
2016,19,175,180,159,175,216
2016,20,183,179,159,175,216
2016,21,183,177,158,175,216
2016,22,183,176,158,175,216
2016,23,175,174,157,175,216
2017,0,250,228,226,193,223
2017,1,220,227,226,193,223
2017,2,217,227,226,193,223
2017,3,214,226,226,194,223
2017,4,211,226,226,194,223
2017,5,211,226,226,194,223
2017,6,211,226,226,194,223
2017,7,217,228,226,194,223
2017,8,217,230,227,194,223
2017,9,217,231,227,194,223
2017,10,217,233,227,194,223
2017,11,217,234,227,194,223
2017,12,217,236,227,194,223
2017,13,220,238,227,195,223
2017,14,228,238,227,195,223
2017,15,238,239,227,195,223
2017,16,247,239,228,195,223
2017,17,256,238,228,195,223
2017,18,261,237,228,195,223
2017,19,261,236,228,195,223
2017,20,258,234,228,195,223
2017,21,245,233,228,195,223
2017,22,236,231,227,195,223
2017,23,242,230,227,195,223
2018,0,233,201,205,189,213
2018,1,220,202,205,189,213
2018,2,217,204,205,189,213
2018,3,211,205,205,190,213
2018,4,211,207,205,190,213
2018,5,211,209,205,190,213
2018,6,211,211,204,190,213
2018,7,211,213,204,190,213
2018,8,211,216,204,190,213
2018,9,211,219,204,190,213
2018,10,214,223,204,190,213
2018,11,217,226,204,191,213
2018,12,217,228,204,191,213
2018,13,220,230,204,191,213
2018,14,225,230,204,191,213
2018,15,234,230,204,191,213
2018,16,242,230,204,191,213
2018,17,250,230,204,191,213
2018,18,256,230,204,191,213
2018,19,267,230,205,192,213
2018,20,275,230,205,192,213
2018,21,278,231,205,192,213
2018,22,272,231,205,192,213
2018,23,262,232,204,192,213
2019,0,206,186,161,158,212
2019,1,188,185,162,158,212
2019,2,180,184,162,159,212
2019,3,170,184,162,159,212
2019,4,158,183,162,159,212
2019,5,158,182,162,159,212
2019,6,161,182,162,159,212
2019,7,150,181,163,159,212
2019,8,144,181,163,159,212
2019,9,142,180,163,159,212
2019,10,147,181,163,159,212
2019,11,156,182,164,159,212
2019,12,161,184,164,159,212
2019,13,178,185,164,159,212
2019,14,200,185,165,160,212
2019,15,211,186,165,160,212
2019,16,222,186,166,160,212
2019,17,239,187,166,160,212
2019,18,239,187,167,160,212
2019,19,256,189,167,160,212
2019,20,262,191,168,160,212
2019,21,262,193,168,160,212
2019,22,253,194,169,160,212
2019,23,244,195,169,160,212
2020,0,261,242,215,189,217
2020,1,238,242,216,189,217
2020,2,230,242,216,189,217
2020,3,228,242,216,190,217
2020,4,228,242,216,190,217
2020,5,228,242,216,190,217
2020,6,228,243,216,190,217
2020,7,225,243,216,190,217
2020,8,228,243,216,190,217
2020,9,228,244,217,191,217
2020,10,225,244,217,191,217
2020,11,222,245,217,191,217
2020,12,222,245,217,191,217
2020,13,225,246,217,191,217
2020,14,242,246,217,191,217
2020,15,258,247,217,191,217
2020,16,275,248,217,192,217
2020,17,292,248,218,192,217
2020,18,300,249,218,192,217
2020,19,303,250,218,192,217
2020,20,292,251,218,192,217
2020,21,288,251,218,192,217
2020,22,292,251,218,192,217
2020,23,286,252,218,193,217
2021,0,261,216,166,179,214
2021,1,184,216,166,179,214
2021,2,172,215,166,179,214
2021,3,158,213,166,179,214
2021,4,147,211,165,179,214
2021,5,138,208,165,179,214
2021,6,133,205,164,179,214
2021,7,144,203,163,179,214
2021,8,156,201,163,180,214
2021,9,172,200,163,180,214
2021,10,175,200,162,180,214
2021,11,178,200,162,180,214
2021,12,178,202,162,180,214
2021,13,186,202,162,180,214
2021,14,192,203,161,180,214
2021,15,197,203,161,180,214
2021,16,200,202,161,180,214
2021,17,200,200,161,180,214
2021,18,200,198,161,180,214
2021,19,200,195,161,180,214
2021,20,208,192,160,180,214
2021,21,211,189,160,180,214
2021,22,208,186,160,180,214
2021,23,206,184,160,180,213
2022,0,183,141,174,142,213
2022,1,175,142,174,142,213
2022,2,158,143,174,142,213
2022,3,138,143,174,141,213
2022,4,120,143,173,141,213
2022,5,100,143,173,141,213
2022,6,94,142,173,141,213
2022,7,122,143,173,141,213
2022,8,116,144,173,141,213
2022,9,111,145,173,140,213
2022,10,111,146,173,140,213
2022,11,114,147,173,140,213
2022,12,117,148,173,140,213
2022,13,125,149,172,140,213
2022,14,144,150,172,140,213
2022,15,167,150,172,140,213
2022,16,186,151,172,140,213
2022,17,194,152,172,140,213
2022,18,194,152,171,139,213
2022,19,197,152,171,139,213
2022,20,203,152,171,139,213
2022,21,206,153,171,139,213
2022,22,203,153,171,139,213
2022,23,197,153,171,139,213
2023,0,239,238,150,195,220
2023,1,220,237,150,195,220
2023,2,217,237,150,195,220
2023,3,225,237,150,195,220
2023,4,233,238,150,195,220
2023,5,233,238,150,195,220
2023,6,233,238,150,195,220
2023,7,230,239,150,195,220
2023,8,228,239,151,195,220
2023,9,228,240,152,195,220
2023,10,228,240,153,195,220
2023,11,228,241,154,195,221
2023,12,228,241,154,195,221
2023,13,228,241,155,195,221
2023,14,230,241,156,195,221
2023,15,233,241,157,195,221
2023,16,233,241,158,195,221
2023,17,233,239,159,195,221
2023,18,233,238,160,195,221
2023,19,242,237,161,195,221
2023,20,252,235,162,195,221
2023,21,264,235,162,195,221
2023,22,272,235,163,195,221
2023,23,278,236,164,195,221
2024,0,222,179,174,192,219
2024,1,197,180,174,192,219
2024,2,197,181,174,192,219
2024,3,200,182,174,192,219
2024,4,194,184,174,191,219
2024,5,180,185,174,191,219
2024,6,172,187,174,191,219
2024,7,167,188,173,191,219
2024,8,164,190,173,191,219
2024,9,161,191,173,191,219
2024,10,170,193,173,191,219
2024,11,166,194,173,191,219
2024,12,161,195,173,191,219
2024,13,158,196,172,191,219
2024,14,170,196,172,191,219
2024,15,178,197,172,191,219
2024,16,194,196,172,191,219
2024,17,203,196,172,191,219
2024,18,206,195,171,191,219
2024,19,211,193,171,191,219
2024,20,211,192,171,191,219
2024,21,211,191,171,191,219
2024,22,211,189,171,191,219
2024,23,211,188,171,191,219
2025,0,272,234,194,180,224
2025,1,250,235,194,180,224
2025,2,242,236,195,180,224
2025,3,239,237,195,181,224
2025,4,233,239,196,181,224
2025,5,230,240,196,181,224
2025,6,228,241,197,181,224
2025,7,214,241,198,182,224
2025,8,172,240,198,182,224
2025,9,172,239,198,182,224
2025,10,175,238,199,182,224
2025,11,164,236,199,182,224
2025,12,156,234,200,182,224
2025,13,180,233,200,183,224
2025,14,203,231,200,183,224
2025,15,217,231,200,183,224
2025,16,236,230,200,183,224
2025,17,250,230,200,184,224
2025,18,256,229,200,184,224
2025,19,278,229,200,184,224
2025,20,286,229,201,185,224
2025,21,289,230,201,185,224
2025,22,292,230,201,185,224
2025,23,288,230,201,186,224
2026,0,267,222,184,195,228
2026,1,238,222,185,195,228
2026,2,228,222,186,195,228
2026,3,222,223,186,195,228
2026,4,203,223,187,195,228
2026,5,192,222,188,195,228
2026,6,194,222,189,195,228
2026,7,189,222,190,195,228
2026,8,180,222,191,195,228
2026,9,183,222,191,195,228
2026,10,192,223,192,196,228
2026,11,197,225,193,196,228
2026,12,200,227,195,196,228
2026,13,194,228,196,196,228
2026,14,214,228,196,196,228
2026,15,217,227,197,196,228
2026,16,236,227,198,196,228
2026,17,250,227,199,197,228
2026,18,261,226,200,197,228
2026,19,280,227,201,197,228
2026,20,283,227,201,197,228
2026,21,283,228,202,197,228
2026,22,267,227,203,197,228
2026,23,264,226,204,197,228
